base_sample_index,base_common_time_ns,frame_name,source_t0_ns,source_t1_ns,interpolation_alpha,source_t0_offset_ms,source_t1_offset_ms,interpolation_gap_ms,large_gap_warning,F_T00,F_T01,F_T02,F_T03,F_T10,F_T11,F_T12,F_T13,F_T20,F_T21,F_T22,F_T23,F_T30,F_T31,F_T32,F_T33
0,1790406427518460000,FL_hip,1790406427100992409,1790406427662183790,0.743895229,417.467591,143.723790,561.191381,1,0.292239990,0.953148357,0.078127423,0.222678581,-0.954234536,0.296044381,-0.042353497,0.785727335,-0.063498318,-0.062174546,0.996043682,0.324717455,0.000000000,0.000000000,0.000000000,1.000000000
0,1790406427518460000,FL_thigh,1790406427100992409,1790406427662183790,0.743895229,417.467591,143.723790,561.191381,1,0.199167494,0.953149735,0.227679135,0.313702262,-0.768862289,0.296039881,-0.566754633,0.813998956,-0.607604436,-0.062174847,0.791802920,0.318779911,0.000000000,0.000000000,0.000000000,1.000000000
0,1790406427518460000,FL_calf,1790406427100992409,1790406427662183790,0.743895229,417.467591,143.723790,561.191381,1,0.231150281,0.953193844,-0.194912651,0.265207481,-0.580544926,0.295895524,0.758559867,0.934717567,0.780728883,-0.062185822,0.621768496,0.150129876,0.000000000,0.000000000,0.000000000,1.000000000
0,1790406427518460000,FL_calflower,1790406427100992409,1790406427662183790,0.743895229,417.467591,143.723790,561.191381,1,0.240602975,0.953193843,-0.183116363,0.298619580,-0.617731587,0.295895524,0.728596712,0.810972928,0.748677702,-0.062185822,0.660011628,0.073808040,0.000000000,0.000000000,0.000000000,1.000000000
0,1790406427518460000,FL_calflower1,1790406427100992409,1790406427662183790,0.743895229,417.467591,143.723790,561.191381,1,0.297972940,0.953193844,-0.051317840,0.303528549,-0.884375571,0.295895524,0.361006001,0.788031323,0.359293695,-0.062185822,0.931150735,0.039959050,0.000000000,0.000000000,0.000000000,1.000000000
0,1790406427518460000,FL_foot,1790406427100992409,1790406427662183790,0.743895229,417.467591,143.723790,561.191381,1,0.231150281,0.953193844,-0.194912651,0.306650072,-0.580544926,0.295895524,0.758559867,0.773318387,0.780728883,-0.062185822,0.621768496,0.017841760,0.000000000,0.000000000,0.000000000,1.000000000
0,1790406427518460000,FR_hip,1790406427100992409,1790406427662183790,0.743895229,417.467591,143.723790,561.191381,1,0.292239990,0.940924682,0.171045103,0.134249887,-0.954234536,0.298768384,-0.013173723,0.758103719,-0.063498318,-0.159367361,0.985175484,0.332859917,0.000000000,0.000000000,0.000000000,1.000000000
0,1790406427518460000,FR_thigh,1790406427100992409,1790406427662183790,0.743895229,417.467591,143.723790,561.191381,1,0.141784300,0.940927053,0.307495351,0.044392123,-0.775031466,0.298760647,-0.556837450,0.729571511,-0.615811240,-0.159367869,0.771608143,0.348079408,0.000000000,0.000000000,0.000000000,1.000000000
0,1790406427518460000,FR_calf,1790406427100992409,1790406427662183790,0.743895229,417.467591,143.723790,561.191381,1,0.326212625,0.940905205,-0.091008882,-0.021102558,-0.673239896,0.298832238,0.676348268,0.848176878,0.663576437,-0.159362638,0.730938156,0.183729537,0.000000000,0.000000000,0.000000000,1.000000000
0,1790406427518460000,FR_calflower,1790406427100992409,1790406427662183790,0.743895229,417.467591,143.723790,561.191381,1,0.330353492,0.940905204,-0.074591309,-0.001116446,-0.706201846,0.298832238,0.641855038,0.734700072,0.626215458,-0.159362638,0.763189673,0.088890541,0.000000000,0.000000000,0.000000000,1.000000000
0,1790406427518460000,FR_calflower1,1790406427100992409,1790406427662183790,0.743895229,417.467591,143.723790,561.191381,1,0.327466583,0.940905205,0.086388251,-0.001434863,-0.922792742,0.298832238,0.243212853,0.716102472,0.203024834,-0.159362638,0.966118623,0.052127862,0.000000000,0.000000000,0.000000000,1.000000000
0,1790406427518460000,FR_foot,1790406427100992409,1790406427662183790,0.743895229,417.467591,143.723790,561.191381,1,0.326212625,0.940905205,-0.091008882,-0.001722656,-0.673239896,0.298832238,0.676348268,0.704226134,0.663576437,-0.159362638,0.730938156,0.028152750,0.000000000,0.000000000,0.000000000,1.000000000
0,1790406427518460000,RL_hip,1790406427100992409,1790406427662183790,0.743895229,417.467591,143.723790,561.191381,1,0.292239990,0.912945428,0.284826844,0.109640153,-0.954234536,0.298136969,0.023461492,1.154825253,-0.063498318,-0.278648173,0.958292171,0.349278605,0.000000000,0.000000000,0.000000000,1.000000000
0,1790406427518460000,RL_thigh,1790406427100992409,1790406427662183790,0.743895229,417.467591,143.723790,561.191381,1,-0.008992123,0.912985742,0.407892233,0.196818098,-0.668134478,0.298004810,-0.681754425,1.183294612,-0.743986312,-0.278657459,0.607317969,0.322670202,0.000000000,0.000000000,0.000000000,1.000000000
0,1790406427518460000,RL_calf,1790406427100992409,1790406427662183790,0.743895229,417.467591,143.723790,561.191381,1,0.407988249,0.912985852,0.001523041,0.109977812,-0.669407822,0.298004446,0.680504343,1.328485955,0.620837385,-0.278657486,0.732742570,0.193345348,0.000000000,0.000000000,0.000000000,1.000000000
0,1790406427518460000,RL_calflower,1790406427100992409,1790406427662183790,0.743895229,417.467591,143.723790,561.191381,1,0.407402249,0.912985852,0.021912052,0.117897813,-0.702582278,0.298004446,0.646197443,1.214401540,0.583439635,-0.278657487,0.762855769,0.097348285,0.000000000,0.000000000,0.000000000,1.000000000
0,1790406427518460000,RL_calflower1,1790406427100992409,1790406427662183790,0.743895229,417.467591,143.723790,561.191381,1,0.351245197,0.912985852,0.207565753,0.112946786,-0.921587436,0.298004446,0.248735986,1.195582571,0.165237086,-0.278657486,0.946069468,0.061011053,0.000000000,0.000000000,0.000000000,1.000000000
0,1790406427518460000,RL_foot,1790406427100992409,1790406427662183790,0.743895229,417.467591,143.723790,561.191381,1,0.407988249,0.912985852,0.001523041,0.109638238,-0.669407822,0.298004446,0.680504343,1.183562006,0.620837385,-0.278657486,0.732742570,0.037322086,0.000000000,0.000000000,0.000000000,1.000000000
0,1790406427518460000,RR_hip,1790406427100992409,1790406427662183790,0.743895229,417.467591,143.723790,561.191381,1,0.292239990,0.956342826,0.002021040,0.021211459,-0.954234536,0.291734494,-0.065780536,1.127201637,-0.063498318,0.017295158,0.997832435,0.357421067,0.000000000,0.000000000,0.000000000,1.000000000
0,1790406427518460000,RR_thigh,1790406427100992409,1790406427662183790,0.743895229,417.467591,143.723790,561.191381,1,0.191124632,0.956356861,0.221026757,-0.070118111,-0.579679759,0.291688674,-0.760847382,1.099341350,-0.792113042,0.017291939,0.610130022,0.355769403,0.000000000,0.000000000,0.000000000,1.000000000
0,1790406427518460000,RR_calf,1790406427100992409,1790406427662183790,0.743895229,417.467591,143.723790,561.191381,1,0.243904550,0.956357187,-0.160908044,-0.117181142,-0.829477462,0.291687608,0.476324598,1.261374899,0.502471694,0.017291860,0.864421144,0.225837284,0.000000000,0.000000000,0.000000000,1.000000000
0,1790406427518460000,RR_calflower,1790406427100992409,1790406427662183790,0.743895229,417.467591,143.723790,561.191381,1,0.251641783,0.956357187,-0.148516804,-0.088498859,-0.852247139,0.291687609,0.434272722,1.174304337,0.458640685,0.017291860,0.888453961,0.107975809,0.000000000,0.000000000,0.000000000,1.000000000
0,1790406427518460000,RR_calflower1,1790406427100992409,1790406427662183790,0.743895229,417.467591,143.723790,561.191381,1,0.291786951,0.956357187,-0.015530716,-0.085075862,-0.956476985,0.291687608,-0.008352282,1.165457403,-0.003457579,0.017291860,0.999844870,0.067859285,0.000000000,0.000000000,0.000000000,1.000000000
0,1790406427518460000,RR_foot,1790406427100992409,1790406427662183790,0.743895229,417.467591,143.723790,561.191381,1,0.243904550,0.956357187,-0.160908044,-0.082919978,-0.829477462,0.291687608,0.476324598,1.159935228,0.502471694,0.017291860,0.864421144,0.041752277,0.000000000,0.000000000,0.000000000,1.000000000
1,1790406427582466000,FL_hip,1790406427100992409,1790406427662183790,0.857949012,481.473591,79.717790,561.191381,1,0.290902742,0.953627878,0.077261631,0.223003188,-0.954629559,0.294685644,-0.042923428,0.785907562,-0.063700838,-0.061269743,0.996086818,0.325281799,0.000000000,0.000000000,0.000000000,1.000000000
1,1790406427582466000,FL_thigh,1790406427100992409,1790406427662183790,0.857949012,481.473591,79.717790,561.191381,1,0.198456235,0.953628756,0.226290111,0.314073379,-0.768660740,0.294682764,-0.567734427,0.814049648,-0.608091975,-0.061269936,0.791499130,0.319430616,0.000000000,0.000000000,0.000000000,1.000000000
1,1790406427582466000,FL_calf,1790406427100992409,1790406427662183790,0.857949012,481.473591,79.717790,561.191381,1,0.232086568,0.953656812,-0.191505627,0.265874139,-0.590544634,0.294590406,0.751314297,0.934976998,0.772912221,-0.061277385,0.631547708,0.150843853,0.000000000,0.000000000,0.000000000,1.000000000
1,1790406427582466000,FL_calflower,1790406427100992409,1790406427662183790,0.857949012,481.473591,79.717790,561.191381,1,0.241367812,0.953656812,-0.179666801,0.298821727,-0.627356671,0.294590406,0.720860419,0.812056551,0.740382052,-0.061277385,0.669387949,0.072887992,0.000000000,0.000000000,0.000000000,1.000000000
1,1790406427582466000,FL_calflower1,1790406427100992409,1790406427662183790,0.857949012,481.473591,79.717790,561.191381,1,0.297058411,0.953656812,-0.047904911,0.303588555,-0.889340512,0.294590406,0.349699285,0.789511555,0.347605706,-0.061277385,0.935636726,0.038733194,0.000000000,0.000000000,0.000000000,1.000000000
1,1790406427582466000,FL_foot,1790406427100992409,1790406427662183790,0.857949012,481.473591,79.717790,561.191381,1,0.232086568,0.953656812,-0.191505627,0.306617757,-0.590544634,0.294590406,0.751314297,0.775058037,0.772912221,-0.061277385,0.631547708,0.016419723,0.000000000,0.000000000,0.000000000,1.000000000
1,1790406427582466000,FR_hip,1790406427100992409,1790406427662183790,0.857949012,481.473591,79.717790,561.191381,1,0.290902742,0.941931905,0.167749149,0.134511684,-0.954629559,0.297434367,-0.014657651,0.758414641,-0.063700838,-0.155874450,0.985721099,0.333180587,0.000000000,0.000000000,0.000000000,1.000000000
1,1790406427582466000,FR_thigh,1790406427100992409,1790406427662183790,0.857949012,481.473591,79.717790,561.191381,1,0.142946389,0.941933415,0.303854682,0.044557535,-0.775185538,0.297429416,-0.557335419,0.730009769,-0.615348483,-0.155874775,0.772690123,0.348066539,0.000000000,0.000000000,0.000000000,1.000000000
1,1790406427582466000,FR_calf,1790406427100992409,1790406427662183790,0.857949012,481.473591,79.717790,561.191381,1,0.323811400,0.941919526,-0.089071203,-0.020162348,-0.681349110,0.297475227,0.668783615,0.848721564,0.656437263,-0.155871279,0.738102290,0.183485249,0.000000000,0.000000000,0.000000000,1.000000000
1,1790406427582466000,FR_calflower,1790406427100992409,1790406427662183790,0.857949012,481.473591,79.717790,561.191381,1,0.327858425,0.941919526,-0.072776062,-0.000508309,-0.713922850,0.297475227,0.633894547,0.736170428,0.618727149,-0.155871279,0.769988043,0.087418787,0.000000000,0.000000000,0.000000000,1.000000000
1,1790406427582466000,FR_calflower1,1790406427100992409,1790406427662183790,0.857949012,481.473591,79.717790,561.191381,1,0.324415228,0.941919526,0.086846196,-0.000874924,-0.925965245,0.297475227,0.232586539,0.717963128,0.193243395,-0.155871279,0.968690798,0.050449347,0.000000000,0.000000000,0.000000000,1.000000000
1,1790406427582466000,FR_foot,1790406427100992409,1790406427662183790,0.857949012,481.473591,79.717790,561.191381,1,0.323811400,0.941919526,-0.089071203,-0.001193350,-0.681349110,0.297475227,0.668783615,0.706341641,0.656437263,-0.155871279,0.738102290,0.026342066,0.000000000,0.000000000,0.000000000,1.000000000
1,1790406427582466000,RL_hip,1790406427100992409,1790406427662183790,0.857949012,481.473591,79.717790,561.191381,1,0.290902742,0.913065534,0.285809063,0.110482008,-0.954629559,0.296892742,0.023167850,1.155158275,-0.063700838,-0.279581550,0.958006830,0.349921283,0.000000000,0.000000000,0.000000000,1.000000000
1,1790406427582466000,RL_thigh,1790406427100992409,1790406427662183790,0.857949012,481.473591,79.717790,561.191381,1,-0.012725235,0.913091162,0.407556738,0.197674424,-0.664598297,0.296808163,-0.685721272,1.183509798,-0.747092595,-0.279587657,0.603062288,0.323222835,0.000000000,0.000000000,0.000000000,1.000000000
1,1790406427582466000,RL_calf,1790406427100992409,1790406427662183790,0.857949012,481.473591,79.717790,561.191381,1,0.407721169,0.913091232,0.005267458,0.110890867,-0.673448474,0.296807930,0.677031646,1.329554033,0.616628655,-0.279587675,0.735935161,0.194792225,0.000000000,0.000000000,0.000000000,1.000000000
1,1790406427582466000,RL_calflower,1790406427100992409,1790406427662183790,0.857949012,481.473591,79.717790,561.191381,1,0.406948361,0.913091232,0.025638440,0.118256532,-0.706444318,0.296807930,0.642527138,1.215896113,0.579076602,-0.279587675,0.765834022,0.098226941,0.000000000,0.000000000,0.000000000,1.000000000
1,1790406427582466000,RL_calflower1,1790406427100992409,1790406427662183790,0.857949012,481.473591,79.717790,561.191381,1,0.349121832,0.913091232,0.210661444,0.113161175,-0.923318175,0.296807930,0.243697034,1.197261442,0.159991803,-0.279587674,0.946696405,0.061810107,0.000000000,0.000000000,0.000000000,1.000000000
1,1790406427582466000,RL_foot,1790406427100992409,1790406427662183790,0.857949012,481.473591,79.717790,561.191381,1,0.407721169,0.913091232,0.005267458,0.109759201,-0.673448474,0.296807930,0.677031646,1.185361257,0.616628655,-0.279587675,0.735935161,0.038070626,0.000000000,0.000000000,0.000000000,1.000000000
1,1790406427582466000,RR_hip,1790406427100992409,1790406427662183790,0.857949012,481.473591,79.717790,561.191381,1,0.290902742,0.956752294,0.000733272,0.021990504,-0.954629559,0.290307921,-0.066357820,1.127665354,-0.063700838,0.018603667,0.997795988,0.357820071,0.000000000,0.000000000,0.000000000,1.000000000
1,1790406427582466000,RR_thigh,1790406427100992409,1790406427662183790,0.857949012,481.473591,79.717790,561.191381,1,0.190132873,0.956761231,0.220130262,-0.069378592,-0.575719377,0.290278602,-0.764385489,1.099941175,-0.795233935,0.018601551,0.606017902,0.356043437,0.000000000,0.000000000,0.000000000,1.000000000
1,1790406427582466000,RR_calf,1790406427100992409,1790406427662183790,0.857949012,481.473591,79.717790,561.191381,1,0.242905999,0.956761439,-0.160012874,-0.116256366,-0.832527517,0.290277920,0.471843519,1.262737994,0.497890246,0.018601498,0.867040953,0.226977959,0.000000000,0.000000000,0.000000000,1.000000000
1,1790406427582466000,RR_calflower,1790406427100992409,1790406427662183790,0.857949012,481.473591,79.717790,561.191381,1,0.250599740,0.956761439,-0.147672659,-0.087722873,-0.855069422,0.290277920,0.429644804,1.176264189,0.453934026,0.018601498,0.890841518,0.108628699,0.000000000,0.000000000,0.000000000,1.000000000
1,1790406427582466000,RR_calflower1,1790406427100992409,1790406427662183790,0.857949012,481.473591,79.717790,561.191381,1,0.290472856,0.956761439,-0.015263158,-0.084322775,-0.956843259,0.290277920,-0.013760493,1.167630041,-0.008734886,0.018601498,0.999789184,0.068460842,0.000000000,0.000000000,0.000000000,1.000000000
1,1790406427582466000,RR_foot,1790406427100992409,1790406427662183790,0.857949012,481.473591,79.717790,561.191381,1,0.242905999,0.956761439,-0.160012874,-0.082181479,-0.832527517,0.290277920,0.471843519,1.162246453,0.497890246,0.018601498,0.867040953,0.042321726,0.000000000,0.000000000,0.000000000,1.000000000
2,1790406427650462000,FL_hip,1790406427100992409,1790406427662183790,0.979112669,549.469591,11.721790,561.191381,1,0.291113248,0.953275529,0.080738711,0.223231054,-0.954484894,0.295131035,-0.043080210,0.787902736,-0.064895776,-0.064522710,0.995804241,0.324218810,0.000000000,0.000000000,0.000000000,1.000000000
2,1790406427650462000,FL_thigh,1790406427100992409,1790406427662183790,0.979112669,549.469591,11.721790,561.191381,1,0.196604061,0.953275676,0.229373549,0.314268653,-0.768227615,0.295130552,-0.568087964,0.816087684,-0.609239884,-0.064522743,0.790357076,0.318056904,0.000000000,0.000000000,0.000000000,1.000000000
2,1790406427650462000,FL_calf,1790406427100992409,1790406427662183790,0.979112669,549.469591,11.721790,561.191381,1,0.237548611,0.953280381,-0.186620120,0.265412182,-0.600368856,0.295115061,0.743279209,0.937090406,0.763628394,-0.064524085,0.642424350,0.149711275,0.000000000,0.000000000,0.000000000,1.000000000
2,1790406427650462000,FL_calflower,1790406427100992409,1790406427662183790,0.979112669,549.469591,11.721790,561.191381,1,0.246578855,0.953280381,-0.174514411,0.297776758,-0.636767029,0.295115061,0.712344367,0.815091919,0.730566222,-0.064524085,0.679787000,0.069914350,0.000000000,0.000000000,0.000000000,1.000000000
2,1790406427650462000,FL_calflower1,1790406427100992409,1790406427662183790,0.979112669,549.469591,11.721790,561.191381,1,0.299301313,0.953280381,-0.040928416,0.302290526,-0.893754916,0.295115060,0.337800083,0.792968455,0.334097049,-0.064524085,0.940327885,0.035421342,0.000000000,0.000000000,0.000000000,1.000000000
2,1790406427650462000,FL_foot,1790406427100992409,1790406427662183790,0.979112669,549.469591,11.721790,561.191381,1,0.237548611,0.953280381,-0.186620120,0.305154422,-0.600368856,0.295115061,0.743279209,0.778790481,0.763628394,-0.064524085,0.642424350,0.012891035,0.000000000,0.000000000,0.000000000,1.000000000
2,1790406427650462000,FR_hip,1790406427100992409,1790406427662183790,0.979112669,549.469591,11.721790,561.191381,1,0.291113248,0.941725396,0.168541544,0.134762511,-0.954484894,0.297850154,-0.015605064,0.760374255,-0.064895776,-0.156327621,0.985571378,0.332249838,0.000000000,0.000000000,0.000000000,1.000000000
2,1790406427650462000,FR_thigh,1790406427100992409,1790406427662183790,0.979112669,549.469591,11.721790,561.191381,1,0.143064244,0.941725650,0.304442638,0.044827794,-0.775246555,0.297849323,-0.557026215,0.731929584,-0.615244215,-0.156327677,0.772681655,0.347179116,0.000000000,0.000000000,0.000000000,1.000000000
2,1790406427650462000,FR_calf,1790406427100992409,1790406427662183790,0.979112669,549.469591,11.721790,561.191381,1,0.325428568,0.941723322,-0.085166476,-0.020018293,-0.689029938,0.297857009,0.660695536,0.850576058,0.647560264,-0.156327055,0.745807136,0.182598209,0.000000000,0.000000000,0.000000000,1.000000000
2,1790406427650462000,FR_calflower,1790406427100992409,1790406427662183790,0.979112669,549.469591,11.721790,561.191381,1,0.329278417,0.941723322,-0.068795391,-0.000905855,-0.721189844,0.297857009,0.625432695,0.739021857,0.609476162,-0.156327055,0.777239595,0.085177372,0.000000000,0.000000000,0.000000000,1.000000000
2,1790406427650462000,FR_calflower1,1790406427100992409,1790406427662183790,0.979112669,549.469591,11.721790,561.191381,1,0.323836563,0.941723322,0.091032754,-0.001446661,-0.928503524,0.297857009,0.221725173,0.721217988,0.181689201,-0.156327055,0.970850974,0.047995944,0.000000000,0.000000000,0.000000000,1.000000000
2,1790406427650462000,FR_foot,1790406427100992409,1790406427662183790,0.979112669,549.469591,11.721790,561.191381,1,0.325428568,0.941723322,-0.085166476,-0.001878332,-0.689029938,0.297857009,0.660695536,0.709859770,0.647560264,-0.156327055,0.745807136,0.023753524,0.000000000,0.000000000,0.000000000,1.000000000
2,1790406427650462000,RL_hip,1790406427100992409,1790406427662183790,0.979112669,549.469591,11.721790,561.191381,1,0.291113248,0.911373580,0.290948743,0.110628449,-0.954484894,0.297314858,0.023708801,1.157097493,-0.064895776,-0.284608308,0.956445177,0.349320496,0.000000000,0.000000000,0.000000000,1.000000000
2,1790406427650462000,RL_thigh,1790406427100992409,1790406427662183790,0.979112669,549.469591,11.721790,561.191381,1,-0.018599692,0.911377875,0.411149992,0.197663731,-0.661061705,0.297300667,-0.688918995,1.185490771,-0.750101094,-0.284609377,0.596947719,0.322140672,0.000000000,0.000000000,0.000000000,1.000000000
2,1790406427650462000,RL_calf,1790406427100992409,1790406427662183790,0.979112669,549.469591,11.721790,561.191381,1,0.411421252,0.911377887,0.011081366,0.110093162,-0.676720628,0.297300628,0.673543742,1.332228093,0.610558791,-0.284609380,0.739064403,0.194994422,0.000000000,0.000000000,0.000000000,1.000000000
2,1790406427650462000,RL_calflower,1790406427100992409,1790406427662183790,0.979112669,549.469591,11.721790,561.191381,1,0.410353245,0.911377887,0.031630010,0.116680018,-0.709538060,0.297300628,0.638880054,1.219011169,0.572857927,-0.284609380,0.768655986,0.097827523,0.000000000,0.000000000,0.000000000,1.000000000
2,1790406427650462000,RL_calflower1,1790406427100992409,1790406427662183790,0.979112669,549.469591,11.721790,561.191381,1,0.349375165,0.911377887,0.217548241,0.111311233,-0.924378161,0.297300628,0.239033463,1.200551675,0.153172745,-0.284609380,0.946327818,0.061353929,0.000000000,0.000000000,0.000000000,1.000000000
2,1790406427650462000,RL_foot,1790406427100992409,1790406427662183790,0.979112669,549.469591,11.721790,561.191381,1,0.411421252,0.911377887,0.011081366,0.107731223,-0.676720628,0.297300628,0.673543742,1.188765776,0.610558791,-0.284609380,0.739064403,0.037579184,0.000000000,0.000000000,0.000000000,1.000000000
2,1790406427650462000,RR_hip,1790406427100992409,1790406427662183790,0.979112669,549.469591,11.721790,561.191381,1,0.291113248,0.956680932,0.003816770,0.022159906,-0.954484894,0.290710753,-0.066674511,1.129569012,-0.064895776,0.015766782,0.997767846,0.357351524,0.000000000,0.000000000,0.000000000,1.000000000
2,1790406427650462000,RR_thigh,1790406427100992409,1790406427662183790,0.979112669,549.469591,11.721790,561.191381,1,0.186784704,0.956682433,0.223316130,-0.069202997,-0.571345271,0.290705834,-0.767498759,1.101806173,-0.799172312,0.015766412,0.600895801,0.355845799,0.000000000,0.000000000,0.000000000,1.000000000
2,1790406427650462000,RR_calf,1790406427100992409,1790406427662183790,0.979112669,549.469591,11.721790,561.191381,1,0.245650885,0.956682468,-0.156250425,-0.116767651,-0.835104965,0.290705720,0.467000563,1.265280501,0.492194499,0.015766403,0.870342877,0.227857723,0.000000000,0.000000000,0.000000000,1.000000000
2,1790406427650462000,RR_calflower,1790406427100992409,1790406427662183790,0.979112669,549.469591,11.721790,561.191381,1,0.253153152,0.956682468,-0.143777726,-0.088730660,-0.857401602,0.290705720,0.424679082,1.179463922,0.448080369,0.015766402,0.893854647,0.108893391,0.000000000,0.000000000,0.000000000,1.000000000
2,1790406427650462000,RR_calflower1,1790406427100992409,1790406427662183790,0.979112669,549.469591,11.721790,561.191381,1,0.290939120,0.956682468,-0.010629259,-0.085511216,-0.956618824,0.290705720,-0.019242016,1.171050932,-0.015318450,0.015766403,0.999758717,0.068659265,0.000000000,0.000000000,0.000000000,1.000000000
2,1790406427650462000,RR_foot,1790406427100992409,1790406427662183790,0.979112669,549.469591,11.721790,561.191381,1,0.245650885,0.956682468,-0.156250425,-0.083487619,-0.835104965,0.290705720,0.467000563,1.165811240,0.492194499,0.015766403,0.870342877,0.042478640,0.000000000,0.000000000,0.000000000,1.000000000
3,1790406427718461000,FL_hip,1790406427662183790,1790406427730085096,0.828808948,56.277210,11.624096,67.901306,0,0.294240252,0.952430747,0.079361467,0.222952416,-0.953613324,0.298099184,-0.041930278,0.783031196,-0.063593243,-0.063342623,0.995964024,0.327393275,0.000000000,0.000000000,0.000000000,1.000000000
3,1790406427718461000,FL_thigh,1790406427662183790,1790406427730085096,0.828808948,56.277210,11.624096,67.901306,0,0.201973113,0.952431845,0.228211169,0.313909395,-0.773083343,0.298095625,-0.559893549,0.811499619,-0.601289498,-0.063342857,0.796517011,0.321344065,0.000000000,0.000000000,0.000000000,1.000000000
3,1790406427718461000,FL_calf,1790406427662183790,1790406427730085096,0.828808948,56.277210,11.624096,67.901306,0,0.237319185,0.952431668,-0.191189484,0.265301253,-0.595090898,0.298096201,0.746327757,0.930756100,0.767819549,-0.063342819,0.637527689,0.151687583,0.000000000,0.000000000,0.000000000,1.000000000
3,1790406427718461000,FL_calflower,1790406427662183790,1790406427730085096,0.828808948,56.277210,11.624096,67.901306,0,0.246578089,0.952431668,-0.179089532,0.298343113,-0.631648031,0.298096200,0.715652894,0.808398339,0.734996871,-0.063342819,0.675105928,0.072690474,0.000000000,0.000000000,0.000000000,1.000000000
3,1790406427718461000,FL_calflower1,1790406427662183790,1790406427730085096,0.828808948,56.277210,11.624096,67.901306,0,0.301413329,0.952431668,-0.044986878,0.303040818,-0.890742199,0.298096200,0.343098576,0.786088804,0.340188634,-0.063342819,0.938221779,0.038336525,0.000000000,0.000000000,0.000000000,1.000000000
3,1790406427718461000,FL_foot,1790406427662183790,1790406427730085096,0.828808948,56.277210,11.624096,67.901306,0,0.237319185,0.952431668,-0.191189484,0.306023890,-0.595090898,0.298096201,0.746327757,0.771789018,0.767819549,-0.063342819,0.637527689,0.015895208,0.000000000,0.000000000,0.000000000,1.000000000
3,1790406427718461000,FR_hip,1790406427662183790,1790406427730085096,0.828808948,56.277210,11.624096,67.901306,0,0.294240252,0.947326697,0.126470149,0.134595422,-0.953613324,0.299811036,-0.027103773,0.755216870,-0.063593243,-0.112628674,0.991600428,0.335663859,0.000000000,0.000000000,0.000000000,1.000000000
3,1790406427718461000,FR_thigh,1790406427662183790,1790406427730085096,0.828808948,56.277210,11.624096,67.901306,0,0.142323206,0.947186947,0.287368906,0.044145997,-0.708242131,0.300265968,-0.638931198,0.726591351,-0.691474753,-0.112592105,0.713572989,0.346417220,0.000000000,0.000000000,0.000000000,1.000000000
3,1790406427718461000,FR_calf,1790406427662183790,1790406427730085096,0.828808948,56.277210,11.624096,67.901306,0,0.281666294,0.947498889,-0.151360001,-0.017054430,-0.614337362,0.299255962,0.730092541,0.862530239,0.737057737,-0.112656432,0.666374629,0.194628838,0.000000000,0.000000000,0.000000000,1.000000000
3,1790406427718461000,FR_calflower,1790406427662183790,1790406427730085096,0.828808948,56.277210,11.624096,67.901306,0,0.288879132,0.947498889,-0.137093393,0.010875303,-0.650059019,0.299255962,0.698476044,0.742345786,0.702831757,-0.112656432,0.702379368,0.110905824,0.000000000,0.000000000,0.000000000,1.000000000
3,1790406427718461000,FR_calflower1,1790406427662183790,1790406427730085096,0.828808948,56.277210,11.624096,67.901306,0,0.319541197,0.947498889,0.011797224,0.013456648,-0.899140741,0.299255962,0.319360987,0.720934337,0.299064035,-0.112656432,0.947560002,0.075845478,0.000000000,0.000000000,0.000000000,1.000000000
3,1790406427718461000,FR_foot,1790406427662183790,1790406427730085096,0.828808948,56.277210,11.624096,67.901306,0,0.281666294,0.947498889,-0.151360001,0.015058178,-0.614337362,0.299255962,0.730092541,0.707220798,0.737057737,-0.112656432,0.666374629,0.052954661,0.000000000,0.000000000,0.000000000,1.000000000
3,1790406427718461000,RL_hip,1790406427662183790,1790406427730085096,0.828808948,56.277210,11.624096,67.901306,0,0.294240252,0.919152647,0.261879709,0.109140286,-0.953613324,0.300583676,0.016453732,1.151888830,-0.063593243,-0.254573490,0.964960602,0.351991141,0.000000000,0.000000000,0.000000000,1.000000000
3,1790406427718461000,RL_thigh,1790406427662183790,1790406427730085096,0.828808948,56.277210,11.624096,67.901306,0,-0.006343078,0.919123405,0.393918554,0.196908585,-0.634780174,0.300678749,-0.711790744,1.180591039,-0.772666886,-0.254566793,0.581534485,0.327682470,0.000000000,0.000000000,0.000000000,1.000000000
3,1790406427718461000,RL_calf,1790406427662183790,1790406427730085096,0.828808948,56.277210,11.624096,67.901306,0,0.392156940,0.919216466,-0.035410721,0.113000898,-0.640247045,0.300378256,0.707005141,1.332185830,0.660527818,-0.254585524,0.706321413,0.203846569,0.000000000,0.000000000,0.000000000,1.000000000
3,1790406427718461000,RL_calflower,1790406427662183790,1790406427730085096,0.828808948,56.277210,11.624096,67.901306,0,0.393436645,0.919216466,-0.015766788,0.126059873,-0.674782432,0.300378256,0.674122553,1.214780539,0.624400973,-0.254585523,0.738451327,0.112573946,0.000000000,0.000000000,0.000000000,1.000000000
3,1790406427718461000,RL_calflower1,1790406427662183790,1790406427730085096,0.828808948,56.277210,11.624096,67.901306,0,0.356257081,0.919216466,0.167695788,0.122754934,-0.909824348,0.300378256,0.286342806,1.194569756,0.212839047,-0.254585523,0.943337945,0.076810847,0.000000000,0.000000000,0.000000000,1.000000000
3,1790406427718461000,RL_foot,1790406427662183790,1790406427730085096,0.828808948,56.277210,11.624096,67.901306,0,0.392156940,0.919216466,-0.035410721,0.120516459,-0.640247045,0.300378256,0.707005141,1.181640467,0.660527818,-0.254585524,0.706321413,0.053483816,0.000000000,0.000000000,0.000000000,1.000000000
3,1790406427718461000,RR_hip,1790406427662183790,1790406427730085096,0.828808948,56.277210,11.624096,67.901306,0,0.294240252,0.955701803,0.007525614,0.020783292,-0.953613324,0.294102734,-0.064225024,1.124074504,-0.063593243,0.011721060,0.997907432,0.360261725,0.000000000,0.000000000,0.000000000,1.000000000
3,1790406427718461000,RR_thigh,1790406427662183790,1790406427730085096,0.828808948,56.277210,11.624096,67.901306,0,0.185999522,0.955701771,0.228118827,-0.070486216,-0.572592497,0.294102837,-0.765271845,1.095987697,-0.798462484,0.011721067,0.601931063,0.359142364,0.000000000,0.000000000,0.000000000,1.000000000
3,1790406427718461000,RR_calf,1790406427662183790,1790406427730085096,0.828808948,56.277210,11.624096,67.901306,0,0.251290130,0.955702007,-0.153254168,-0.119075539,-0.836020763,0.294102070,0.463220141,1.258990581,0.487773137,0.011721015,0.872892153,0.230931078,0.000000000,0.000000000,0.000000000,1.000000000
3,1790406427718461000,RR_calflower,1790406427662183790,1790406427730085096,0.828808948,56.277210,11.624096,67.901306,0,0.258635598,0.955702008,-0.140503368,-0.091368270,-0.858127313,0.294102070,0.420857613,1.173713829,0.443537123,0.011721016,0.896179762,0.111498890,0.000000000,0.000000000,0.000000000,1.000000000
3,1790406427718461000,RR_calflower1,1790406427662183790,1790406427730085096,0.828808948,56.277210,11.624096,67.901306,0,0.294289992,0.955702007,-0.005193240,-0.088334509,-0.955497851,0.294102070,-0.022966757,1.165460821,-0.020421975,0.011721015,0.999723105,0.071216459,0.000000000,0.000000000,0.000000000,1.000000000
3,1790406427718461000,RR_foot,1790406427662183790,1790406427730085096,0.828808948,56.277210,11.624096,67.901306,0,0.251290130,0.955702007,-0.153254168,-0.086432580,-0.836020763,0.294102070,0.463220141,1.160324972,0.487773137,0.011721015,0.872892153,0.045005653,0.000000000,0.000000000,0.000000000,1.000000000
4,1790406427782466000,FL_hip,1790406427730085096,1790406427794260563,0.816213834,52.380904,11.794563,64.175467,0,0.290837215,0.953869711,0.074472705,0.220549336,-0.954260703,0.294829767,-0.049614184,0.784493712,-0.069282194,-0.056636801,0.995988441,0.325411791,0.000000000,0.000000000,0.000000000,1.000000000
4,1790406427782466000,FL_thigh,1790406427730085096,1790406427794260563,0.816213834,52.380904,11.794563,64.175467,0,0.202519093,0.953868562,0.221631854,0.311636242,-0.771150950,0.294833537,-0.564268594,0.812647594,-0.603582863,-0.056636528,0.795286587,0.320003374,0.000000000,0.000000000,0.000000000,1.000000000
4,1790406427782466000,FL_calf,1790406427730085096,1790406427794260563,0.816213834,52.380904,11.794563,64.175467,0,0.231244934,0.953870522,-0.191459403,0.264429238,-0.601221831,0.294827106,0.742703801,0.932835875,0.764891188,-0.056636995,0.641665369,0.150622286,0.000000000,0.000000000,0.000000000,1.000000000
4,1790406427782466000,FL_calflower,1790406427730085096,1790406427794260563,0.816213834,52.380904,11.794563,64.175467,0,0.240524920,0.953870522,-0.179662700,0.297390178,-0.637590179,0.294827106,0.711727047,0.810890871,0.731865371,-0.056636994,0.679092080,0.070959584,0.000000000,0.000000000,0.000000000,1.000000000
4,1790406427782466000,FL_calflower1,1790406427730085096,1790406427794260563,0.816213834,52.380904,11.794563,64.175467,0,0.296308876,0.953870522,-0.048290503,0.302171557,-0.894199980,0.294827106,0.336872410,0.788797530,0.335570287,-0.056636994,0.940311415,0.036480004,0.000000000,0.000000000,0.000000000,1.000000000
4,1790406427782466000,FL_foot,1790406427730085096,1790406427794260563,0.816213834,52.380904,11.794563,64.175467,0,0.231244934,0.953870522,-0.191459403,0.305210341,-0.601221831,0.294827106,0.742703801,0.774639294,0.764891188,-0.056636995,0.641665369,0.013958071,0.000000000,0.000000000,0.000000000,1.000000000
4,1790406427782466000,FR_hip,1790406427730085096,1790406427794260563,0.816213834,52.380904,11.794563,64.175467,0,0.290837215,0.956702132,0.011603456,0.131834304,-0.954260703,0.290930296,-0.068889196,0.757077998,-0.069282194,0.008962782,0.997557201,0.330609821,0.000000000,0.000000000,0.000000000,1.000000000
4,1790406427782466000,FR_thigh,1790406427730085096,1790406427794260563,0.816213834,52.380904,11.794563,64.175467,0,0.184610540,0.956387750,0.226365446,0.040533858,-0.580135633,0.291959289,-0.760395995,0.729313902,-0.793323326,0.009054417,0.608733802,0.329753101,0.000000000,0.000000000,0.000000000,1.000000000
4,1790406427782466000,FR_calf,1790406427730085096,1790406427794260563,0.816213834,52.380904,11.794563,64.175467,0,0.138928109,0.957183282,-0.253966612,-0.007753776,-0.486089026,0.289345665,0.824618817,0.890963564,0.862796036,0.008887612,0.505474761,0.200420894,0.000000000,0.000000000,0.000000000,1.000000000
4,1790406427782466000,FR_calflower,1790406427730085096,1790406427794260563,0.816213834,52.380904,11.794563,64.175467,0,0.151447526,0.957183282,-0.246705708,0.032246394,-0.526695304,0.289345665,0.799293932,0.759630205,0.836454557,0.008887613,0.547964878,0.143157852,0.000000000,0.000000000,0.000000000,1.000000000
4,1790406427782466000,FR_calflower1,1790406427730085096,1790406427794260563,0.816213834,52.380904,11.794563,64.175467,0,0.248256745,0.957183282,-0.148891397,0.040528139,-0.836273354,0.289345665,0.465752736,0.733009557,0.488892176,0.008887612,0.872299361,0.113018815,0.000000000,0.000000000,0.000000000,1.000000000
4,1790406427782466000,FR_foot,1790406427730085096,1790406427794260563,0.816213834,52.380904,11.794563,64.175467,0,0.138928109,0.957183282,-0.253966612,0.045857384,-0.486089026,0.289345665,0.824618817,0.715889974,0.862796036,0.008887612,0.505474761,0.093284463,0.000000000,0.000000000,0.000000000,1.000000000
4,1790406427782466000,RL_hip,1790406427730085096,1790406427794260563,0.816213834,52.380904,11.794563,64.175467,0,0.290837215,0.936441072,0.196193089,0.108053502,-0.954260703,0.298758063,-0.011392036,1.153601752,-0.069282194,-0.183906279,0.980499455,0.352210143,0.000000000,0.000000000,0.000000000,1.000000000
4,1790406427782466000,RL_thigh,1790406427730085096,1790406427794260563,0.816213834,52.380904,11.794563,64.175467,0,0.008551571,0.936348964,0.350966356,0.197473187,-0.543044622,0.299062395,-0.784642511,1.182129810,-0.839660487,-0.183880618,0.511037092,0.334649239,0.000000000,0.000000000,0.000000000,1.000000000
4,1790406427782466000,RL_calf,1790406427730085096,1790406427794260563,0.816213834,52.380904,11.794563,64.175467,0,0.328268852,0.936570988,-0.122777194,0.122735824,-0.562871770,0.298335870,0.770824706,1.349099489,0.758561393,-0.183930077,0.625104043,0.225921457,0.000000000,0.000000000,0.000000000,1.000000000
4,1790406427782466000,RL_calflower,1790406427730085096,1790406427794260563,0.816213834,52.380904,11.794563,64.175467,0,0.333994904,0.936570988,-0.106217150,0.147382885,-0.600693505,0.298335870,0.741729512,1.223949160,0.726371208,-0.183930077,0.662235094,0.148732441,0.000000000,0.000000000,0.000000000,1.000000000
4,1790406427782466000,RL_calflower1,1790406427730085096,1790406427794260563,0.816213834,52.380904,11.794563,64.175467,0,0.345300652,0.936570988,0.060017819,0.148282331,-0.875327332,0.298335870,0.380522559,1.200321832,0.338481197,-0.183930077,0.922822263,0.115042670,0.000000000,0.000000000,0.000000000,1.000000000
4,1790406427782466000,RL_foot,1790406427730085096,1790406427794260563,0.816213834,52.380904,11.794563,64.175467,0,0.328268852,0.936570988,-0.122777194,0.148782928,-0.562871770,0.298335870,0.770824706,1.185160296,0.758561393,-0.183930077,0.625104043,0.093034139,0.000000000,0.000000000,0.000000000,1.000000000
4,1790406427782466000,RR_hip,1790406427730085096,1790406427794260563,0.816213834,52.380904,11.794563,64.175467,0,0.290837215,0.956770335,0.002033295,0.019338470,-0.954260703,0.290226665,-0.071795831,1.126186038,-0.069282194,0.018940574,0.997417644,0.357408173,0.000000000,0.000000000,0.000000000,1.000000000
4,1790406427782466000,RR_thigh,1790406427730085096,1790406427794260563,0.816213834,52.380904,11.794563,64.175467,0,0.186440964,0.956776132,0.223201914,-0.072026316,-0.562083862,0.290207646,-0.774493965,1.098471445,-0.805792669,0.018939176,0.591895435,0.355599529,0.000000000,0.000000000,0.000000000,1.000000000
4,1790406427782466000,RR_calf,1790406427730085096,1790406427794260563,0.816213834,52.380904,11.794563,64.175467,0,0.245143081,0.956767677,-0.156525964,-0.119565023,-0.839738530,0.290235388,0.458914227,1.263437949,0.484504034,0.018941204,0.874584356,0.229536784,0.000000000,0.000000000,0.000000000,1.000000000
4,1790406427782466000,RR_calflower,1790406427730085096,1790406427794260563,0.816213834,52.380904,11.794563,64.175467,0,0.252659753,0.956767677,-0.144078300,-0.091495539,-0.861625228,0.290235388,0.416371270,1.178723608,0.440187530,0.018941204,0.897706463,0.109796933,0.000000000,0.000000000,0.000000000,1.000000000
4,1790406427782466000,RR_calflower1,1790406427730085096,1790406427794260563,0.816213834,52.380904,11.794563,64.175467,0,0.290640277,0.956767677,-0.011123708,-0.088258923,-0.956528784,0.290235389,-0.028561385,1.170684832,-0.024098046,0.018941204,0.999530509,0.069489781,0.000000000,0.000000000,0.000000000,1.000000000
4,1790406427782466000,RR_foot,1790406427730085096,1790406427794260563,0.816213834,52.380904,11.794563,64.175467,0,0.245143081,0.956767677,-0.156525964,-0.086224079,-0.839738530,0.290235388,0.458914227,1.165688660,0.484504034,0.018941204,0.874584356,0.043263793,0.000000000,0.000000000,0.000000000,1.000000000
5,1790406427850462000,FL_hip,1790406427794260563,1790406427858984274,0.868328409,56.201437,8.522274,64.723711,0,0.282237599,0.956291933,0.076469381,0.220386487,-0.956846784,0.286354901,-0.049444465,0.786307238,-0.069180680,-0.059214479,0.995845572,0.325800934,0.000000000,0.000000000,0.000000000,1.000000000
5,1790406427850462000,FL_thigh,1790406427794260563,1790406427858984274,0.868328409,56.201437,8.522274,64.723711,0,0.194434697,0.956291878,0.218405316,0.311712262,-0.773943360,0.286355087,-0.564811555,0.813654100,-0.602666461,-0.059214466,0.795793633,0.320145958,0.000000000,0.000000000,0.000000000,1.000000000
5,1790406427850462000,FL_calf,1790406427794260563,1790406427858984274,0.868328409,56.201437,8.522274,64.723711,0,0.227810105,0.956291918,-0.183325429,0.265191925,-0.602624766,0.286354951,0.744878437,0.933958940,0.764817878,-0.059214476,0.641520056,0.150642125,0.000000000,0.000000000,0.000000000,1.000000000
5,1790406427850462000,FL_calflower,1790406427794260563,1790406427858984274,0.868328409,56.201437,8.522274,64.723711,0,0.236687854,0.956291918,-0.171710561,0.296880303,-0.639100048,0.286354951,0.713828847,0.811664434,0.731799416,-0.059214476,0.678943285,0.070993594,0.000000000,0.000000000,0.000000000,1.000000000
5,1790406427850462000,FL_calflower1,1790406427794260563,1790406427858984274,0.868328409,56.201437,8.522274,64.723711,0,0.289233286,0.956291918,-0.043008873,0.301381851,-0.896509794,0.286354951,0.338039470,0.789502279,0.335580495,-0.059214476,0.940148978,0.036517906,0.000000000,0.000000000,0.000000000,1.000000000
5,1790406427850462000,FL_foot,1790406427794260563,1790406427858984274,0.868328409,56.201437,8.522274,64.723711,0,0.227810105,0.956291918,-0.183325429,0.304240261,-0.602624766,0.286354951,0.744878437,0.775299829,0.764817878,-0.059214476,0.641520056,0.013998495,0.000000000,0.000000000,0.000000000,1.000000000
5,1790406427850462000,FR_hip,1790406427794260563,1790406427858984274,0.868328409,56.201437,8.522274,64.723711,0,0.282237599,0.958895972,-0.029331581,0.131379800,-0.956846784,0.279166109,-0.080685612,0.759727382,-0.069180680,0.050838323,0.996308297,0.330308565,0.000000000,0.000000000,0.000000000,1.000000000
5,1790406427850462000,FR_thigh,1790406427794260563,1790406427858984274,0.868328409,56.201437,8.522274,64.723711,0,0.211734927,0.958911084,0.188832582,0.039807170,-0.584807565,0.279114816,-0.761639471,0.733067583,-0.783050913,0.050834936,0.619877246,0.325453598,0.000000000,0.000000000,0.000000000,1.000000000
5,1790406427850462000,FR_calf,1790406427794260563,1790406427858984274,0.868328409,56.201437,8.522274,64.723711,0,0.106342289,0.958871396,-0.263166970,-0.000400405,-0.519520582,0.279249264,0.807538151,0.895276756,0.847814965,0.050845182,0.527849672,0.193440768,0.000000000,0.000000000,0.000000000,1.000000000
5,1790406427850462000,FR_calflower,1790406427794260563,1790406427858984274,0.868328409,56.201437,8.522274,64.723711,0,0.119362256,0.958871396,-0.257523180,0.040672243,-0.559231403,0.279249264,0.780563732,0.765420979,0.820373929,0.050845182,0.569563085,0.132297828,0.000000000,0.000000000,0.000000000,1.000000000
5,1790406427850462000,FR_calflower1,1790406427794260563,1790406427858984274,0.868328409,56.201437,8.522274,64.723711,0,0.224792557,0.958871395,-0.173302749,0.049778779,-0.856483491,0.279249265,0.434114651,0.739800815,0.464655138,0.050845182,0.884031161,0.101323181,0.000000000,0.000000000,0.000000000,1.000000000
5,1790406427850462000,FR_foot,1790406427794260563,1790406427858984274,0.868328409,56.201437,8.522274,64.723711,0,0.106342289,0.958871396,-0.263166970,0.055649983,-0.519520582,0.279249264,0.807538151,0.723337958,0.847814965,0.050845182,0.527849672,0.081050520,0.000000000,0.000000000,0.000000000,1.000000000
5,1790406427850462000,RL_hip,1790406427794260563,1790406427858984274,0.868328409,56.201437,8.522274,64.723711,0,0.282237599,0.949596510,0.136412226,0.111216984,-0.956846784,0.288896063,-0.031352022,1.156415574,-0.069180680,-0.121677002,0.990156283,0.352560021,0.000000000,0.000000000,0.000000000,1.000000000
5,1790406427850462000,RL_thigh,1790406427794260563,1790406427858984274,0.868328409,56.201437,8.522274,64.723711,0,0.050846601,0.949612792,0.309273436,0.201887359,-0.525056930,0.288840914,-0.800553433,1.184000235,-0.849547055,-0.121680862,0.513287730,0.340942164,0.000000000,0.000000000,0.000000000,1.000000000
5,1790406427850462000,RL_calf,1790406427794260563,1790406427858984274,0.868328409,56.201437,8.522274,64.723711,0,0.277216227,0.949552166,-0.146634710,0.136026144,-0.592227335,0.289046769,0.752142540,1.354517304,0.756583365,-0.121665156,0.642479513,0.231633878,0.000000000,0.000000000,0.000000000,1.000000000
5,1790406427850462000,RL_calflower,1790406427794260563,1790406427858984274,0.868328409,56.201437,8.522274,64.723711,0,0.284198459,0.949552166,-0.132596418,0.163290275,-0.629078665,0.289046769,0.721603528,1.231378625,0.723527240,-0.121665156,0.679489989,0.151698838,0.000000000,0.000000000,0.000000000,1.000000000
5,1790406427850462000,RL_calflower1,1790406427794260563,1790406427858984274,0.868328409,56.201437,8.522274,64.723711,0,0.313312855,0.949552166,0.013624581,0.165756487,-0.891211064,0.289046769,0.349563239,1.208809451,0.327990662,-0.121665156,0.936813983,0.117293905,0.000000000,0.000000000,0.000000000,1.000000000
5,1790406427850462000,RL_foot,1790406427794260563,1790406427858984274,0.868328409,56.201437,8.522274,64.723711,0,0.277216227,0.949552166,-0.146634710,0.167284352,-0.592227335,0.289046769,0.752142540,1.194340767,0.756583365,-0.121665156,0.642479513,0.094822445,0.000000000,0.000000000,0.000000000,1.000000000
5,1790406427850462000,RR_hip,1790406427794260563,1790406427858984274,0.868328409,56.201437,8.522274,64.723711,0,0.282237599,0.959280199,0.011105298,0.022210297,-0.956846784,0.282318434,-0.068849013,1.129835718,-0.069180680,0.008805667,0.997565646,0.357067652,0.000000000,0.000000000,0.000000000,1.000000000
5,1790406427850462000,RR_thigh,1790406427794260563,1790406427858984274,0.868328409,56.201437,8.522274,64.723711,0,0.174857369,0.959278801,0.221830955,-0.069399990,-0.569068735,0.282323173,-0.772304379,1.102874594,-0.803483661,0.008806006,0.595262282,0.356226723,0.000000000,0.000000000,0.000000000,1.000000000
5,1790406427850462000,RR_calf,1790406427794260563,1790406427858984274,0.868328409,56.201437,8.522274,64.723711,0,0.241979821,0.959278843,-0.145704351,-0.116650635,-0.837482391,0.282323031,0.467885245,1.267374717,0.489968475,0.008805996,0.871696089,0.229437600,0.000000000,0.000000000,0.000000000,1.000000000
5,1790406427850462000,RR_calflower,1790406427794260563,1790406427858984274,0.868328409,56.201437,8.522274,64.723711,0,0.248959592,0.959278843,-0.133428308,-0.090246393,-0.859820272,0.282323031,0.425443836,1.181378290,0.445789496,0.008805996,0.895094913,0.110227409,0.000000000,0.000000000,0.000000000,1.000000000
5,1790406427850462000,RR_calflower1,1790406427794260563,1790406427858984274,0.868328409,56.201437,8.522274,64.723711,0,0.282440308,0.959278843,-0.003385877,-0.087398807,-0.959117320,0.282323032,-0.019680574,1.172958744,-0.017923171,0.008805996,0.999800949,0.069966225,0.000000000,0.000000000,0.000000000,1.000000000
5,1790406427850462000,RR_foot,1790406427794260563,1790406427858984274,0.868328409,56.201437,8.522274,64.723711,0,0.241979821,0.959278843,-0.145704351,-0.085615125,-0.837482391,0.282323031,0.467885245,1.167715404,0.489968475,0.008805996,0.871696089,0.043768631,0.000000000,0.000000000,0.000000000,1.000000000
6,1790406427918460000,FL_hip,1790406427912720848,1790406427988411991,0.075823297,5.739152,69.951991,75.691143,0,0.280176300,0.956785850,0.077858627,0.221830926,-0.957573459,0.284263875,-0.047400145,0.785560176,-0.067484139,-0.061275042,0.995837328,0.324774411,0.000000000,0.000000000,0.000000000,1.000000000
6,1790406427918460000,FL_thigh,1790406427912720848,1790406427988411991,0.075823297,5.739152,69.951991,75.691143,0,0.190871411,0.956789790,0.219365654,0.313203239,-0.772918972,0.284250420,-0.567272082,0.812707157,-0.605115204,-0.061275937,0.793776778,0.318922696,0.000000000,0.000000000,0.000000000,1.000000000
6,1790406427918460000,FL_calf,1790406427912720848,1790406427988411991,0.075823297,5.739152,69.951991,75.691143,0,0.228131654,0.956785837,-0.180323873,0.266481242,-0.603091811,0.284263921,0.745301244,0.933533545,0.764353749,-0.061275039,0.641879615,0.149853661,0.000000000,0.000000000,0.000000000,1.000000000
6,1790406427918460000,FL_calflower,1790406427912720848,1790406427988411991,0.075823297,5.739152,69.951991,75.691143,0,0.236858986,0.956785837,-0.168696684,0.297731862,-0.639587641,0.284263921,0.714227784,0.811167100,0.731317896,-0.061275038,0.679279198,0.070143124,0.000000000,0.000000000,0.000000000,1.000000000
6,1790406427918460000,FL_calflower1,1790406427912720848,1790406427988411991,0.075823297,5.739152,69.951991,75.691143,0,0.287993334,0.956785837,-0.040256556,0.302111162,-0.897126507,0.284263921,0.338168165,0.788993853,0.334998273,-0.061275038,0.940224574,0.035659042,0.000000000,0.000000000,0.000000000,1.000000000
6,1790406427918460000,FL_foot,1790406427912720848,1790406427988411991,0.075823297,5.739152,69.951991,75.691143,0,0.228131654,0.956785837,-0.180323873,0.304890318,-0.603091811,0.284263921,0.745301244,0.774784335,0.764353749,-0.061275039,0.641879615,0.013134312,0.000000000,0.000000000,0.000000000,1.000000000
6,1790406427918460000,FR_hip,1790406427912720848,1790406427988411991,0.075823297,5.739152,69.951991,75.691143,0,0.280176300,0.958554750,-0.051709963,0.132771532,-0.957573459,0.275290197,-0.085252751,0.759176780,-0.067484139,0.073401885,0.995016973,0.329393776,0.000000000,0.000000000,0.000000000,1.000000000
6,1790406427918460000,FR_thigh,1790406427912720848,1790406427988411991,0.075823297,5.739152,69.951991,75.691143,0,0.240611628,0.958550762,0.152598721,0.041229894,-0.644177171,0.275303806,-0.713612808,0.732886664,-0.726045483,0.073402924,0.683718283,0.322383921,0.000000000,0.000000000,0.000000000,1.000000000
6,1790406427918460000,FR_calf,1790406427912720848,1790406427988411991,0.075823297,5.739152,69.951991,75.691143,0,0.133406272,0.958563130,-0.251712895,0.008726162,-0.661385287,0.275261465,0.697710743,0.884877397,0.738087149,0.073400213,0.670701492,0.176760394,0.000000000,0.000000000,0.000000000,1.000000000
6,1790406427918460000,FR_calflower,1790406427912720848,1790406427988411991,0.075823297,5.739152,69.951991,75.691143,0,0.145819951,0.958563130,-0.244730785,0.048634654,-0.695429731,0.275261465,0.663783299,0.768415152,0.703643629,0.073400213,0.706752273,0.092279486,0.000000000,0.000000000,0.000000000,1.000000000
6,1790406427918460000,FR_calflower1,1790406427912720848,1790406427988411991,0.075823297,5.739152,69.951991,75.691143,0,0.242353136,0.958563130,-0.149738347,0.056963095,-0.923363946,0.275261464,0.267637448,0.748822474,0.297764844,0.073400213,0.951813653,0.056981700,0.000000000,0.000000000,0.000000000,1.000000000
6,1790406427918460000,FR_foot,1790406427912720848,1790406427988411991,0.075823297,5.739152,69.951991,75.691143,0,0.133406272,0.958563130,-0.251712895,0.062323611,-0.661385287,0.275261465,0.697710743,0.736298798,0.738087149,0.073400213,0.670701492,0.033936593,0.000000000,0.000000000,0.000000000,1.000000000
6,1790406427918460000,RL_hip,1790406427912720848,1790406427988411991,0.075823297,5.739152,69.951991,75.691143,0,0.280176300,0.957193322,0.072677878,0.113458734,-0.957573459,0.284003106,-0.048938327,1.155949590,-0.067484139,-0.055883128,0.996154451,0.350877276,0.000000000,0.000000000,0.000000000,1.000000000
6,1790406427918460000,RL_thigh,1790406427912720848,1790406427988411991,0.075823297,5.739152,69.951991,75.691143,0,0.136060246,0.957187005,0.255500558,0.204868516,-0.611838770,0.284024710,-0.738229597,1.183071239,-0.779192654,-0.055881527,0.624289024,0.345540582,0.000000000,0.000000000,0.000000000,1.000000000
6,1790406427918460000,RL_calf,1790406427912720848,1790406427988411991,0.075823297,5.739152,69.951991,75.691143,0,0.252139940,0.957210462,-0.142033345,0.150445003,-0.723511078,0.283944634,0.629211266,1.340309643,0.642617655,-0.055886673,0.764146551,0.212573564,0.000000000,0.000000000,0.000000000,1.000000000
6,1790406427918460000,RL_calflower,1790406427912720848,1790406427988411991,0.075823297,5.739152,69.951991,75.691143,0,0.258923539,0.957210462,-0.129254095,0.176498375,-0.754054334,0.283944634,0.592264434,1.232730622,0.603623141,-0.055886673,0.795309064,0.112350908,0.000000000,0.000000000,0.000000000,1.000000000
6,1790406427918460000,RL_calflower1,1790406427912720848,1790406427988411991,0.075823297,5.739152,69.951991,75.691143,0,0.289350714,0.957210462,0.004917772,0.179078012,-0.942337748,0.283944634,0.177128957,1.216582672,0.168153498,-0.055886673,0.984175698,0.074509218,0.000000000,0.000000000,0.000000000,1.000000000
6,1790406427918460000,RL_foot,1790406427912720848,1790406427988411991,0.075823297,5.739152,69.951991,75.691143,0,0.252139940,0.957210462,-0.142033345,0.180685637,-0.723511078,0.283944634,0.629211266,1.206305520,0.642617655,-0.055886673,0.764146551,0.049840431,0.000000000,0.000000000,0.000000000,1.000000000
6,1790406427918460000,RR_hip,1790406427912720848,1790406427988411991,0.075823297,5.739152,69.951991,75.691143,0,0.280176300,0.959573978,0.026812506,0.024399340,-0.957573459,0.281337365,-0.062466079,1.129566194,-0.067484139,-0.008173482,0.997687230,0.355496641,0.000000000,0.000000000,0.000000000,1.000000000
6,1790406427918460000,RR_thigh,1790406427912720848,1790406427988411991,0.075823297,5.739152,69.951991,75.691143,0,0.162192432,0.959573207,0.230027747,-0.067236681,-0.576459202,0.281340001,-0.767165071,1.102699443,-0.800867476,-0.008173295,0.598786445,0.356277149,0.000000000,0.000000000,0.000000000,1.000000000
6,1790406427918460000,RR_calf,1790406427912720848,1790406427988411991,0.075823297,5.739152,69.951991,75.691143,0,0.247700595,0.959550609,-0.133816788,-0.116232830,-0.830087122,0.281417248,0.481413913,1.266105143,0.499599734,-0.008166972,0.866218292,0.228740654,0.000000000,0.000000000,0.000000000,1.000000000
6,1790406427918460000,RR_calflower,1790406427912720848,1790406427988411991,0.075823297,5.739152,69.951991,75.691143,0,0.254079086,0.959550609,-0.121269682,-0.091470328,-0.853110397,0.281417248,0.439325206,1.178273815,0.455682494,-0.008166972,0.890105325,0.110558611,0.000000000,0.000000000,0.000000000,1.000000000
6,1790406427918460000,RR_calflower1,1790406427912720848,1790406427988411991,0.075823297,5.739152,69.951991,75.691143,0,0.281366673,0.959550609,0.009762838,-0.089159645,-0.959575822,0.281417248,-0.004269388,1.169234052,-0.006844045,-0.008166972,0.999943590,0.070406695,0.000000000,0.000000000,0.000000000,1.000000000
6,1790406427918460000,RR_foot,1790406427912720848,1790406427988411991,0.075823297,5.739152,69.951991,75.691143,0,0.247700595,0.959550609,-0.133816788,-0.087725121,-0.830087122,0.281417248,0.481413913,1.163587136,0.499599734,-0.008166972,0.866218292,0.044277487,0.000000000,0.000000000,0.000000000,1.000000000
7,1790406427982465000,FL_hip,1790406427912720848,1790406427988411991,0.921430821,69.744152,5.946991,75.691143,0,0.279670776,0.956812895,0.079329886,0.222952535,-0.958464568,0.283055233,-0.035000839,0.785097492,-0.055943950,-0.066246265,0.996234125,0.333669447,0.000000000,0.000000000,0.000000000,1.000000000
7,1790406427982465000,FL_thigh,1790406427912720848,1790406427988411991,0.921430821,69.744152,5.946991,75.691143,0,0.184667048,0.956816950,0.224497875,0.314327405,-0.767842944,0.283041324,-0.574721214,0.812129041,-0.613445475,-0.066247131,0.786954059,0.327342979,0.000000000,0.000000000,0.000000000,1.000000000
7,1790406427982465000,FL_calf,1790406427912720848,1790406427988411991,0.921430821,69.744152,5.946991,75.691143,0,0.229007794,0.956812881,-0.179065437,0.266512311,-0.593546867,0.283055281,0.753380035,0.934542021,0.771529641,-0.066246262,0.632735466,0.159727385,0.000000000,0.000000000,0.000000000,1.000000000
7,1790406427982465000,FL_calflower,1790406427912720848,1790406427988411991,0.921430821,69.744152,5.946991,75.691143,0,0.237671136,0.956812881,-0.167396033,0.297594203,-0.630458396,0.283055281,0.722773526,0.811170819,0.738941837,-0.066246263,0.670505122,0.081513719,0.000000000,0.000000000,0.000000000,1.000000000
7,1790406427982465000,FL_calflower1,1790406427912720848,1790406427988411991,0.921430821,69.744152,5.946991,75.691143,0,0.288113093,0.956812881,-0.038727850,0.301913354,-0.892975160,0.283055281,0.349963890,0.788564453,0.345812355,-0.066246262,0.935962592,0.047304369,0.000000000,0.000000000,0.000000000,1.000000000
7,1790406427982465000,FL_foot,1790406427912720848,1790406427988411991,0.921430821,69.744152,5.946991,75.691143,0,0.229007794,0.956812881,-0.179065437,0.304653337,-0.593546867,0.283055281,0.753380035,0.774072039,0.771529641,-0.066246262,0.632735466,0.024955773,0.000000000,0.000000000,0.000000000,1.000000000
7,1790406427982465000,FR_hip,1790406427912720848,1790406427988411991,0.921430821,69.744152,5.946991,75.691143,0,0.279670776,0.958564395,-0.054207454,0.133815029,-0.958464568,0.275460055,-0.073939718,0.758860903,-0.055943950,0.072634694,0.995788733,0.337561025,0.000000000,0.000000000,0.000000000,1.000000000
7,1790406427982465000,FR_thigh,1790406427912720848,1790406427988411991,0.921430821,69.744152,5.946991,75.691143,0,0.246818402,0.958560291,0.142276967,0.042272481,-0.675687943,0.275474141,-0.683783191,0.732554569,-0.694641399,0.072635434,0.715680198,0.330624439,0.000000000,0.000000000,0.000000000,1.000000000
7,1790406427982465000,FR_calf,1790406427912720848,1790406427988411991,0.921430821,69.744152,5.946991,75.691143,0,0.148565220,0.958573075,-0.243034825,0.011967162,-0.700988674,0.275430400,0.657839361,0.878191482,0.697526748,0.072632601,0.712868618,0.178193485,0.000000000,0.000000000,0.000000000,1.000000000
7,1790406427982465000,FR_calflower,1790406427912720848,1790406427988411991,0.921430821,69.744152,5.946991,75.691143,0,0.160526231,0.958573075,-0.235305928,0.050893989,-0.732990886,0.275430400,0.621982401,0.766838728,0.661026440,0.072632601,0.746839525,0.086661664,0.000000000,0.000000000,0.000000000,1.000000000
7,1790406427982465000,FR_calflower1,1790406427912720848,1790406427988411991,0.921430821,69.744152,5.946991,75.691143,0,0.251045330,0.958573075,-0.134587493,0.058698270,-0.937377715,0.275430400,0.213215305,0.749293725,0.241452156,0.072632601,0.967691111,0.050186902,0.000000000,0.000000000,0.000000000,1.000000000
7,1790406427982465000,FR_foot,1790406427912720848,1790406427988411991,0.921430821,69.744152,5.946991,75.691143,0,0.148565220,0.958573075,-0.243034825,0.063715523,-0.700988674,0.275430400,0.657839361,0.738106124,0.697526748,0.072632601,0.712868618,0.026389681,0.000000000,0.000000000,0.000000000,1.000000000
7,1790406427982465000,RL_hip,1790406427912720848,1790406427988411991,0.921430821,69.744152,5.946991,75.691143,0,0.279670776,0.956502119,0.082993028,0.114775879,-0.958464568,0.283187179,-0.033916738,1.155831587,-0.055943950,-0.070060451,0.995973159,0.355308567,0.000000000,0.000000000,0.000000000,1.000000000
7,1790406427982465000,RL_thigh,1790406427912720848,1790406427988411991,0.921430821,69.744152,5.946991,75.691143,0,0.133563865,0.956495592,0.259377651,0.206119577,-0.638572034,0.283209527,-0.715554172,1.182875296,-0.757883029,-0.070059227,0.648618334,0.348617942,0.000000000,0.000000000,0.000000000,1.000000000
7,1790406427982465000,RL_calf,1790406427912720848,1790406427988411991,0.921430821,69.744152,5.946991,75.691143,0,0.266093326,0.956519703,-0.119433202,0.150870141,-0.748730423,0.283126763,0.599367701,1.335283806,0.607122169,-0.070064567,0.791513963,0.210469067,0.000000000,0.000000000,0.000000000,1.000000000
7,1790406427982465000,RL_calflower,1790406427912720848,1790406427988411991,0.921430821,69.744152,5.946991,75.691143,0,0.271729951,0.956519703,-0.105984819,0.173857476,-0.777750605,0.283126763,0.561197723,1.231617609,0.566804214,-0.070064567,0.820868238,0.105486866,0.000000000,0.000000000,0.000000000,1.000000000
7,1790406427982465000,RL_calflower1,1790406427912720848,1790406427988411991,0.921430821,69.744152,5.946991,75.691143,0,0.289964669,0.956519703,0.031471237,0.175378251,-0.949010260,0.283126763,0.138630498,1.216949312,0.123692602,-0.070064567,0.989844342,0.066991243,0.000000000,0.000000000,0.000000000,1.000000000
7,1790406427982465000,RL_foot,1790406427912720848,1790406427988411991,0.921430821,69.744152,5.946991,75.691143,0,0.266093326,0.956519703,-0.119433202,0.176296617,-0.748730423,0.283126763,0.599367701,1.207636760,0.607122169,-0.070064567,0.791513963,0.041907823,0.000000000,0.000000000,0.000000000,1.000000000
7,1790406427982465000,RR_hip,1790406427912720848,1790406427988411991,0.921430821,69.744152,5.946991,75.691143,0,0.279670776,0.959178439,0.041962711,0.025638373,-0.958464568,0.281475281,-0.046010758,1.129594998,-0.055943950,-0.027351977,0.998059552,0.359200145,0.000000000,0.000000000,0.000000000,1.000000000
7,1790406427982465000,RR_thigh,1790406427912720848,1790406427988411991,0.921430821,69.744152,5.946991,75.691143,0,0.150865736,0.959177644,0.239202148,-0.065959764,-0.591092577,0.281478007,-0.755896388,1.102715106,-0.792369481,-0.027351819,0.609428592,0.361812193,0.000000000,0.000000000,0.000000000,1.000000000
7,1790406427982465000,RR_calf,1790406427912720848,1790406427988411991,0.921430821,69.744152,5.946991,75.691143,0,0.247613847,0.959154277,-0.136785765,-0.116910080,-0.788888986,0.281557985,0.546240716,1.263720624,0.562442638,-0.027348051,0.826384346,0.232009091,0.000000000,0.000000000,0.000000000,1.000000000
7,1790406427982465000,RR_calflower,1790406427912720848,1790406427988411991,0.921430821,69.744152,5.946991,75.691143,0,0.254140833,0.959154277,-0.124239284,-0.091709994,-0.815203738,0.281557985,0.506130041,1.167120388,0.520437729,-0.027348051,0.853461997,0.120979576,0.000000000,0.000000000,0.000000000,1.000000000
7,1790406427982465000,RR_calflower1,1790406427912720848,1790406427988411991,0.921430821,69.744152,5.946991,75.691143,0,0.282792743,0.959154277,0.007157331,-0.089281197,-0.956801889,0.281557986,0.072490667,1.155029732,0.067514646,-0.027348051,0.997343763,0.081646074,0.000000000,0.000000000,0.000000000,1.000000000
7,1790406427982465000,RR_foot,1790406427912720848,1790406427988411991,0.921430821,69.744152,5.946991,75.691143,0,0.247613847,0.959154277,-0.136785765,-0.087770155,-0.788888986,0.281557985,0.546240716,1.147396609,0.562442638,-0.027348051,0.826384346,0.056031187,0.000000000,0.000000000,0.000000000,1.000000000
8,1790406428518458000,FL_hip,1790406428128410210,1790406428655283218,0.740307027,390.047790,136.825218,526.873008,1,0.135241535,0.988639015,-0.065592986,0.188109584,-0.731636323,0.055003713,-0.679472664,0.740597240,-0.668145056,0.139882904,0.730763431,0.208431862,0.000000000,0.000000000,0.000000000,1.000000000
8,1790406428518458000,FL_thigh,1790406428128410210,1790406428655283218,0.740307027,390.047790,136.825218,526.873008,1,0.140329253,0.990104793,0.000125553,0.282079623,-0.325046404,0.046189000,-0.944569548,0.745814573,-0.935228596,0.132509698,0.328312180,0.221739505,0.000000000,0.000000000,0.000000000,1.000000000
8,1790406428518458000,FL_calf,1790406428128410210,1790406428655283218,0.740307027,390.047790,136.825218,526.873008,1,-0.074139176,0.990484288,-0.115948581,0.283676984,-0.630280619,0.043562776,0.775144403,0.940865311,0.772819805,0.130548481,0.621053038,0.154065168,0.000000000,0.000000000,0.000000000,1.000000000
8,1790406428518458000,FL_calflower,1790406428128410210,1790406428655283218,0.740307027,390.047790,136.825218,526.873008,1,-0.068251508,0.990484288,-0.119509090,0.296399419,-0.668234005,0.043562776,0.742674772,0.818739033,0.740814267,0.130548482,0.658901776,0.081425478,0.000000000,0.000000000,0.000000000,1.000000000
8,1790406428518458000,FL_calflower1,1790406428128410210,1790406428655283218,0.740307027,390.047790,136.825218,526.873008,1,-0.005351932,0.990484288,-0.137521081,0.301077177,-0.935671914,0.043562776,0.350172204,0.796494228,0.352831375,0.130548482,0.926535131,0.049296991,0.000000000,0.000000000,0.000000000,1.000000000
8,1790406428518458000,FL_foot,1790406428128410210,1790406428655283218,0.740307027,390.047790,136.825218,526.873008,1,-0.074139176,0.990484288,-0.115948581,0.304125297,-0.630280619,0.043562776,0.775144403,0.782236406,0.772819805,0.130548481,0.621053038,0.028304656,0.000000000,0.000000000,0.000000000,1.000000000
8,1790406428518458000,FR_hip,1790406428128410210,1790406428655283218,0.740307027,390.047790,136.825218,526.873008,1,0.135241535,0.990812391,0.000590953,0.095980861,-0.731636323,0.100267141,-0.674281106,0.730112373,-0.668145056,0.090758188,0.738475030,0.201265012,0.000000000,0.000000000,0.000000000,1.000000000
8,1790406428518458000,FR_thigh,1790406428128410210,1790406428655283218,0.740307027,390.047790,136.825218,526.873008,1,0.118190042,0.990467138,0.070751516,0.001458409,-0.285646012,0.102151532,-0.952875458,0.720545848,-0.951019182,0.092410239,0.294996776,0.192608032,0.000000000,0.000000000,0.000000000,1.000000000
8,1790406428518458000,FR_calf,1790406428128410210,1790406428655283218,0.740307027,390.047790,136.825218,526.873008,1,0.017605880,0.989557705,-0.143057317,-0.013834762,-0.752940752,0.107261534,0.649288385,0.922122274,0.657853313,0.096282126,0.746966536,0.130209218,0.000000000,0.000000000,0.000000000,1.000000000
8,1790406428518458000,FR_calflower,1790406428128410210,1790406428655283218,0.740307027,390.047790,136.825218,526.873008,1,0.024733763,0.989557705,-0.141998605,0.007390325,-0.784450666,0.107261534,0.610845590,0.818083942,0.619698400,0.096282126,0.778911984,0.041143997,0.000000000,0.000000000,0.000000000,1.000000000
8,1790406428518458000,FR_calflower1,1790406428128410210,1790406428655283218,0.740307027,390.047790,136.825218,526.873008,1,0.087510722,0.989557705,-0.114530505,0.012720701,-0.977879531,0.107261534,0.179573955,0.802318595,0.189984001,0.096282126,0.977054792,0.006706937,0.000000000,0.000000000,0.000000000,1.000000000
8,1790406428518458000,FR_foot,1790406428128410210,1790406428655283218,0.740307027,390.047790,136.825218,526.873008,1,0.017605880,0.989557705,-0.143057317,0.016168170,-0.752940752,0.107261534,0.649288385,0.792281126,0.657853313,0.096282126,0.746966536,-0.015750632,0.000000000,0.000000000,0.000000000,1.000000000
8,1790406428518458000,RL_hip,1790406428128410210,1790406428655283218,0.740307027,390.047790,136.825218,526.873008,1,0.135241535,0.986132363,0.096189944,0.135798159,-0.731636323,0.164859508,-0.661460394,1.023594169,-0.668145056,0.019080561,0.743786495,0.466870370,0.000000000,0.000000000,0.000000000,1.000000000
8,1790406428518458000,RL_thigh,1790406428128410210,1790406428655283218,0.740307027,390.047790,136.825218,526.873008,1,0.020163084,0.986142407,0.164670634,0.229964646,-0.005198593,0.164805174,-0.986312551,1.039336754,-0.999783308,0.019030747,0.008449995,0.468692351,0.000000000,0.000000000,0.000000000,1.000000000
8,1790406428518458000,RL_calf,1790406428128410210,1790406428655283218,0.740307027,390.047790,136.825218,526.873008,1,0.160495064,0.986025720,-0.044659037,0.194904518,-0.974865833,0.165436999,0.149222736,1.249401910,0.154526184,0.019586756,0.987794640,0.466903345,0.000000000,0.000000000,0.000000000,1.000000000
8,1790406428518458000,RL_calflower,1790406428128410210,1790406428655283218,0.740307027,390.047790,136.825218,526.873008,1,0.162526509,0.986025720,-0.036581815,0.204760814,-0.981105533,0.165436999,0.100313262,1.208049843,0.104963911,0.019586756,0.994283245,0.324700419,0.000000000,0.000000000,0.000000000,1.000000000
8,1790406428518458000,RL_calflower1,1790406428128410210,1790406428655283218,0.740307027,390.047790,136.825218,526.873008,1,0.161052908,0.986025720,0.042603473,0.204616698,-0.916558202,0.165436999,-0.364076751,1.213802805,-0.366036841,0.019586756,0.930394338,0.284132309,0.000000000,0.000000000,0.000000000,1.000000000
8,1790406428518458000,RL_foot,1790406428128410210,1790406428655283218,0.740307027,390.047790,136.825218,526.873008,1,0.160495064,0.986025720,-0.044659037,0.204483320,-0.974865833,0.165436999,0.149222736,1.217771066,0.154526184,0.019586756,0.987794640,0.257820052,0.000000000,0.000000000,0.000000000,1.000000000
8,1790406428518458000,RR_hip,1790406428128410210,1790406428655283218,0.740307027,390.047790,136.825218,526.873008,1,0.135241535,0.990222825,0.034180398,0.043669436,-0.731636323,0.123068483,-0.670494339,1.013109302,-0.668145056,0.065670788,0.741127361,0.459703520,0.000000000,0.000000000,0.000000000,1.000000000
8,1790406428518458000,RR_thigh,1790406428128410210,1790406428655283218,0.740307027,390.047790,136.825218,526.873008,1,0.070902153,0.989569748,0.125397021,-0.050739500,-0.012849578,0.126608956,-0.991869588,1.001373560,-0.997400634,0.068714113,0.021692876,0.453444867,0.000000000,0.000000000,0.000000000,1.000000000
8,1790406428518458000,RR_calf,1790406428128410210,1790406428655283218,0.740307027,390.047790,136.825218,526.873008,1,0.104157617,0.990328062,-0.091658795,-0.077898426,-0.966593653,0.122499370,0.225146250,1.209619636,0.234197282,0.065145837,0.970004066,0.448816300,0.000000000,0.000000000,0.000000000,1.000000000
8,1790406428518458000,RR_calflower,1790406428128410210,1790406428655283218,0.740307027,390.047790,136.825218,526.873008,1,0.108608478,0.990328062,-0.086338534,-0.062358364,-0.976638285,0.122499370,0.176555328,1.156901207,0.185424599,0.065145837,0.980496799,0.310061445,0.000000000,0.000000000,0.000000000,1.000000000
8,1790406428518458000,RR_calflower1,1790406428128410210,1790406428655283218,0.740307027,390.047790,136.825218,526.873008,1,0.136204506,0.990328062,-0.026428708,-0.060011582,-0.947802774,0.122499370,-0.294387542,1.159566521,-0.288302326,0.065145837,0.955320901,0.269039608,0.000000000,0.000000000,0.000000000,1.000000000
8,1790406428518458000,RR_foot,1790406428128410210,1790406428655283218,0.740307027,390.047790,136.825218,526.873008,1,0.104157617,0.990328062,-0.091658795,-0.058517641,-0.966593653,0.122499370,0.225146250,1.161534241,0.234197282,0.065145837,0.970004066,0.242413662,0.000000000,0.000000000,0.000000000,1.000000000
9,1790406428582466000,FL_hip,1790406428128410210,1790406428655283218,0.861793607,454.055790,72.817218,526.873008,1,0.062006223,0.998070417,-0.003231467,0.178807601,-0.548672194,0.031381743,-0.835448653,0.739595388,-0.833734879,0.053575800,0.549559676,0.225177963,0.000000000,0.000000000,0.000000000,1.000000000
9,1790406428582466000,FL_thigh,1790406428128410210,1790406428655283218,0.861793607,454.055790,72.817218,526.873008,1,0.051496885,0.998486912,0.019280295,0.273845869,-0.154987105,0.027062303,-0.987545984,0.742571215,-0.986573372,0.047867115,0.156146642,0.230287722,0.000000000,0.000000000,0.000000000,1.000000000
9,1790406428582466000,FL_calf,1790406428128410210,1790406428655283218,0.861793607,454.055790,72.817218,526.873008,1,-0.011824084,0.998594493,-0.051662385,0.270891272,-0.744467337,0.025700605,0.667164376,0.948929117,0.667554705,0.046349337,0.743116752,0.197453959,0.000000000,0.000000000,0.000000000,1.000000000
9,1790406428582466000,FL_calflower,1790406428128410210,1790406428655283218,0.861793607,454.055790,72.817218,526.873008,1,-0.009227264,0.998594493,-0.052188778,0.276731048,-0.776881268,0.025700605,0.629122735,0.837906984,0.629580078,0.046349337,0.775551879,0.103990493,0.000000000,0.000000000,0.000000000,1.000000000
9,1790406428582466000,FL_calflower1,1790406428128410210,1790406428655283218,0.861793607,454.055790,72.817218,526.873008,1,0.015915154,0.998594493,-0.050552140,0.278535076,-0.979605518,0.025700605,0.199281080,0.820758983,0.200300625,0.046349337,0.978637548,0.067808819,0.000000000,0.000000000,0.000000000,1.000000000
9,1790406428582466000,FL_foot,1790406428128410210,1790406428655283218,0.861793607,454.055790,72.817218,526.873008,1,-0.011824084,0.998594493,-0.051662385,0.279707022,-0.744467337,0.025700605,0.667164376,0.809832962,0.667554705,0.046349337,0.743116752,0.044213089,0.000000000,0.000000000,0.000000000,1.000000000
9,1790406428582466000,FR_hip,1790406428128410210,1790406428655283218,0.861793607,454.055790,72.817218,526.873008,1,0.062006223,0.992760393,0.102867884,0.086537684,-0.548672194,0.120000592,-0.827380882,0.727991056,-0.833734879,-0.005138250,0.552141107,0.225952418,0.000000000,0.000000000,0.000000000,1.000000000
9,1790406428582466000,FR_thigh,1790406428128410210,1790406428655283218,0.861793607,454.055790,72.817218,526.873008,1,0.005916859,0.992657188,0.120815853,-0.008208627,-0.080391012,0.120898967,-0.989404451,0.716537199,-0.996745836,-0.003858608,0.080516464,0.226443675,0.000000000,0.000000000,0.000000000,1.000000000
9,1790406428582466000,FR_calf,1790406428128410210,1790406428655283218,0.861793607,454.055790,72.817218,526.873008,1,0.103940867,0.992340803,-0.066751778,-0.034039798,-0.831242492,0.123526304,0.542012559,0.926378696,0.546107081,-0.000850608,0.837714979,0.209374531,0.000000000,0.000000000,0.000000000,1.000000000
9,1790406428582466000,FR_calflower,1790406428128410210,1790406428655283218,0.861793607,454.055790,72.817218,526.873008,1,0.107147166,0.992340803,-0.061473477,-0.021714553,-0.857292993,0.123526304,0.499790375,0.832806699,0.503556290,-0.000850608,0.863962032,0.102240248,0.000000000,0.000000000,0.000000000,1.000000000
9,1790406428582466000,FR_calflower1,1790406428128410210,1790406428655283218,0.861793607,454.055790,72.817218,526.873008,1,0.123426164,0.992340803,-0.005048332,-0.020187161,-0.991207319,0.123526304,0.047431473,0.821523429,0.047692198,-0.000850608,0.998861744,0.064511655,0.000000000,0.000000000,0.000000000,1.000000000
9,1790406428582466000,FR_foot,1790406428128410210,1790406428655283218,0.861793607,454.055790,72.817218,526.873008,1,0.103940867,0.992340803,-0.066751778,-0.019223350,-0.831242492,0.123526304,0.542012559,0.814413209,0.546107081,-0.000850608,0.837714979,0.039944369,0.000000000,0.000000000,0.000000000,1.000000000
9,1790406428582466000,RL_hip,1790406428128410210,1790406428655283218,0.861793607,454.055790,72.817218,526.873008,1,0.062006223,0.979925270,0.189476821,0.154823594,-0.548672194,0.192049877,-0.813680595,0.951821792,-0.833734879,-0.053507694,0.549566311,0.547666614,0.000000000,0.000000000,0.000000000,1.000000000
9,1790406428582466000,RL_thigh,1790406428128410210,1790406428655283218,0.861793607,454.055790,72.817218,526.873008,1,-0.098598910,0.979928101,0.173259759,0.248400816,0.233414758,0.192024699,-0.953228466,0.970161488,-0.967365517,-0.053546194,-0.247662701,0.542556912,0.000000000,0.000000000,0.000000000,1.000000000
9,1790406428582466000,RL_calf,1790406428128410210,1790406428655283218,0.861793607,454.055790,72.817218,526.873008,1,0.188467107,0.979892610,0.065501104,0.211506414,-0.979578973,0.192325182,-0.058621685,1.173186200,-0.070040068,-0.053115536,0.996129099,0.595311660,0.000000000,0.000000000,0.000000000,1.000000000
9,1790406428582466000,RL_calflower,1790406428128410210,1790406428655283218,0.861793607,454.055790,72.817218,526.873008,1,0.184957881,0.979892610,0.074838674,0.205667000,-0.975424891,0.192325182,-0.107506967,1.162284484,-0.119738241,-0.053115536,0.991383652,0.447053213,0.000000000,0.000000000,0.000000000,1.000000000
9,1790406428582466000,RL_calflower1,1790406428128410210,1790406428655283218,0.861793607,454.055790,72.817218,526.873008,1,0.129497760,0.979892610,0.151791222,0.200853062,-0.815552447,0.192325182,-0.545789036,1.176276581,-0.564007538,-0.053115536,0.824059640,0.408739134,0.000000000,0.000000000,0.000000000,1.000000000
9,1790406428582466000,RL_foot,1790406428128410210,1790406428655283218,0.861793607,454.055790,72.817218,526.873008,1,0.188467107,0.979892610,0.065501104,0.197688270,-0.979578973,0.192325182,-0.058621685,1.185582655,-0.070040068,-0.053115536,0.996129099,0.383942582,0.000000000,0.000000000,0.000000000,1.000000000
9,1790406428582466000,RR_hip,1790406428128410210,1790406428655283218,0.861793607,454.055790,72.817218,526.873008,1,0.062006223,0.988256002,0.139660572,0.062553677,-0.548672194,0.150640517,-0.822354364,0.940217460,-0.833734879,-0.025637061,0.551569529,0.548441069,0.000000000,0.000000000,0.000000000,1.000000000
9,1790406428582466000,RR_thigh,1790406428128410210,1790406428655283218,0.861793607,454.055790,72.817218,526.873008,1,-0.050799322,0.988052641,0.145503196,-0.031727151,0.179345713,0.152347876,-0.971918557,0.925843538,-0.982473789,-0.023277707,-0.184941759,0.550888609,0.000000000,0.000000000,0.000000000,1.000000000
9,1790406428582466000,RR_calf,1790406428128410210,1790406428655283218,0.861793607,454.055790,72.817218,526.873008,1,0.149790426,0.988285394,0.029233221,-0.062976597,-0.988445305,0.150377905,-0.019047491,1.131028675,-0.023219979,-0.026042584,0.999391149,0.589890312,0.000000000,0.000000000,0.000000000,1.000000000
9,1790406428582466000,RR_calflower,1790406428128410210,1790406428655283218,0.861793607,454.055790,72.817218,526.873008,1,0.148142175,0.988285394,0.036683088,-0.064364666,-0.986258028,0.150377905,-0.068425362,1.114019288,-0.073139700,-0.026042584,0.996981655,0.441586764,0.000000000,0.000000000,0.000000000,1.000000000
9,1790406428582466000,RR_calflower1,1790406428128410210,1790406428655283218,0.861793607,454.055790,72.817218,526.873008,1,0.114461871,0.988285394,0.100946684,-0.067322014,-0.843208456,0.150377905,-0.516126367,1.126587345,-0.525259909,-0.026042584,0.850543276,0.402465799,0.000000000,0.000000000,0.000000000,1.000000000
9,1790406428582466000,RR_foot,1790406428128410210,1790406428655283218,0.861793607,454.055790,72.817218,526.873008,1,0.149790426,0.988285394,0.029233221,-0.069274711,-0.988445305,0.150377905,-0.019047491,1.134974091,-0.023219979,-0.026042584,0.999391149,0.377135183,0.000000000,0.000000000,0.000000000,1.000000000
10,1790406428650468000,FL_hip,1790406428128410210,1790406428655283218,0.990860762,522.057790,4.815218,526.873008,1,0.043344970,0.995298534,-0.086612949,0.184888653,-0.409508182,-0.061377085,-0.910239798,0.765664008,-0.911276061,0.074922774,0.404922753,0.226350683,0.000000000,0.000000000,0.000000000,1.000000000
10,1790406428650468000,FL_thigh,1790406428128410210,1790406428655283218,0.990860762,522.057790,4.815218,526.873008,1,0.070321440,0.995317708,-0.066312260,0.279918526,-0.066611088,-0.061643144,-0.995873322,0.759802399,-0.995297830,0.074448124,0.061964707,0.233504847,0.000000000,0.000000000,0.000000000,1.000000000
10,1790406428650468000,FL_calf,1790406428128410210,1790406428655283218,0.990860762,522.057790,4.815218,526.873008,1,-0.094315313,0.995321502,-0.020964008,0.294110141,-0.787721409,-0.061733609,0.612931098,0.971613703,0.608769481,0.074322332,0.789858106,0.220297041,0.000000000,0.000000000,0.000000000,1.000000000
10,1790406428650468000,FL_calflower,1790406428128410210,1790406428655283218,0.990860762,522.057790,4.815218,526.873008,1,-0.093149680,0.995321502,-0.025651609,0.295215383,-0.817370750,-0.061733610,0.572795432,0.865317422,0.568532226,0.074322332,0.819296782,0.115836576,0.000000000,0.000000000,0.000000000,1.000000000
10,1790406428650468000,FL_calflower1,1790406428128410210,1790406428655283218,0.990860762,522.057790,4.815218,526.873008,1,-0.070777914,0.995321502,-0.065767430,0.297143901,-0.989508707,-0.061733610,0.130621849,0.850588446,0.125951005,0.074322332,0.989248428,0.077467019,0.000000000,0.000000000,0.000000000,1.000000000
10,1790406428650468000,FL_foot,1790406428128410210,1790406428655283218,0.990860762,522.057790,4.815218,526.873008,1,-0.094315313,0.995321502,-0.020964008,0.298416505,-0.787721409,-0.061733609,0.612931098,0.841245848,0.608769481,0.074322332,0.789858106,0.052465055,0.000000000,0.000000000,0.000000000,1.000000000
10,1790406428650468000,FR_hip,1790406428128410210,1790406428655283218,0.990860762,522.057790,4.815218,526.873008,1,0.043344970,0.997152914,0.061701223,0.092111655,-0.409508182,0.074065532,-0.909295295,0.759433033,-0.911276061,0.014145933,0.411552853,0.224737829,0.000000000,0.000000000,0.000000000,1.000000000
10,1790406428650468000,FR_thigh,1790406428128410210,1790406428655283218,0.990860762,522.057790,4.815218,526.873008,1,0.010653547,0.997147448,0.074721020,-0.003111694,0.048729232,0.074118703,-0.996058466,0.752359978,-0.998755186,0.014252365,-0.047800269,0.223387027,0.000000000,0.000000000,0.000000000,1.000000000
10,1790406428650468000,FR_calf,1790406428128410210,1790406428655283218,0.990860762,522.057790,4.815218,526.873008,1,0.056778249,0.997130960,-0.050058377,-0.019038351,-0.860793692,0.074291970,0.503503237,0.964452250,0.505777773,0.014501614,0.862541862,0.233564168,0.000000000,0.000000000,0.000000000,1.000000000
10,1790406428650468000,FR_calflower,1790406428128410210,1790406428655283218,0.990860762,522.057790,4.815218,526.873008,1,0.059209167,0.997130960,-0.047158087,-0.010459130,-0.884882598,0.074291970,0.459852235,0.872906551,0.462036557,0.014501614,0.886742263,0.116500491,0.000000000,0.000000000,0.000000000,1.000000000
10,1790406428650468000,FR_calflower1,1790406428128410210,1790406428655283218,0.990860762,522.057790,4.815218,526.873008,1,0.074294854,0.997130960,-0.014487423,-0.009155674,-0.997236558,0.074291971,-0.000733759,0.863353372,0.000344969,0.014501614,0.999894745,0.076552175,0.000000000,0.000000000,0.000000000,1.000000000
10,1790406428650468000,FR_foot,1790406428128410210,1790406428655283218,0.990860762,522.057790,4.815218,526.873008,1,0.056778249,0.997130960,-0.050058377,-0.008325704,-0.860793692,0.074291970,0.503503237,0.857380832,0.505777773,0.014501614,0.862541862,0.050553464,0.000000000,0.000000000,0.000000000,1.000000000
10,1790406428650468000,RL_hip,1790406428128410210,1790406428655283218,0.990860762,522.057790,4.815218,526.873008,1,0.043344970,0.989270026,0.139519856,0.168122819,-0.409508182,0.144973131,-0.900714399,0.924061773,-0.911276061,-0.018093388,0.411398210,0.578832263,0.000000000,0.000000000,0.000000000,1.000000000
10,1790406428650468000,RL_thigh,1790406428128410210,1790406428655283218,0.990860762,522.057790,4.815218,526.873008,1,-0.074532664,0.989270176,0.125654932,0.262597674,0.394265353,0.144971709,-0.907490288,0.937906648,-0.915969406,-0.018096587,-0.400839717,0.577104351,0.000000000,0.000000000,0.000000000,1.000000000
10,1790406428650468000,RL_calf,1790406428128410210,1790406428655283218,0.990860762,522.057790,4.815218,526.873008,1,0.138747020,0.989268233,0.045797253,0.235833870,-0.970956254,0.144989432,-0.190322369,1.131201034,-0.194919652,-0.018060771,0.980652872,0.662483249,0.000000000,0.000000000,0.000000000,1.000000000
10,1790406428650468000,RL_calflower,1790406428128410210,1790406428655283218,0.990860762,522.057790,4.815218,526.873008,1,0.136284714,0.989268233,0.052674479,0.231836693,-0.960230658,0.144989432,-0.238612103,1.139943769,-0.243688270,-0.018060771,0.969685389,0.513491223,0.000000000,0.000000000,0.000000000,1.000000000
10,1790406428650468000,RL_calflower1,1790406428128410210,1790406428655283218,0.990860762,522.057790,4.815218,526.873008,1,0.096559872,0.989268233,0.109655438,0.228368656,-0.741533618,0.144989432,-0.655062246,1.159084101,-0.663930777,-0.018060771,0.747575848,0.477150797,0.000000000,0.000000000,0.000000000,1.000000000
10,1790406428650468000,RL_foot,1790406428128410210,1790406428655283218,0.990860762,522.057790,4.815218,526.873008,1,0.138747020,0.989268233,0.045797253,0.226087882,-0.970956254,0.144989432,-0.190322369,1.171723137,-0.194919652,-0.018060771,0.980652872,0.453663814,0.000000000,0.000000000,0.000000000,1.000000000
10,1790406428650468000,RR_hip,1790406428128410210,1790406428655283218,0.990860762,522.057790,4.815218,526.873008,1,0.043344970,0.993829264,0.102099794,0.075345821,-0.409508182,0.110889996,-0.905542404,0.917830798,-0.911276061,-0.002560289,0.411787934,0.577219409,0.000000000,0.000000000,0.000000000,1.000000000
10,1790406428650468000,RR_thigh,1790406428128410210,1790406428655283218,0.990860762,522.057790,4.815218,526.873008,1,-0.034848649,0.993818263,0.105406793,-0.019557414,0.291673937,0.110992898,-0.950056566,0.907241341,-0.955882857,-0.002364070,-0.293738476,0.577464030,0.000000000,0.000000000,0.000000000,1.000000000
10,1790406428650468000,RR_calf,1790406428128410210,1790406428655283218,0.990860762,522.057790,4.815218,526.873008,1,0.108364205,0.993830821,0.023606364,-0.042035412,-0.975769512,0.110875265,-0.188629592,1.109471088,-0.190082917,-0.002593971,0.981764571,0.639980508,0.000000000,0.000000000,0.000000000,1.000000000
10,1790406428650468000,RR_calflower,1790406428128410210,1790406428655283218,0.990860762,522.057790,4.815218,526.873008,1,0.107048951,0.993830821,0.028992815,-0.043366518,-0.965122504,0.110875266,-0.237162004,1.117867768,-0.238913140,-0.002593971,0.971037435,0.490882243,0.000000000,0.000000000,0.000000000,1.000000000
10,1790406428650468000,RR_calflower1,1790406428128410210,1790406428655283218,0.990860762,522.057790,4.815218,526.873008,1,0.081563598,0.993830821,0.075149456,-0.045597519,-0.746542286,0.110875265,-0.656034968,1.137002811,-0.660319608,-0.002593971,0.750980162,0.454431499,0.000000000,0.000000000,0.000000000,1.000000000
10,1790406428650468000,RR_foot,1790406428128410210,1790406428655283218,0.990860762,522.057790,4.815218,526.873008,1,0.108364205,0.993830821,0.023606364,-0.047069527,-0.975769512,0.110875265,-0.188629592,1.149639676,-0.190082917,-0.002593971,0.981764571,0.430871883,0.000000000,0.000000000,0.000000000,1.000000000
11,1790406428718457000,FL_hip,1790406428655283218,1790406428724161540,0.917179457,63.173782,5.704540,68.878322,0,0.027264688,0.998857428,-0.039245734,0.190412462,-0.313750460,-0.028725564,-0.949071199,0.770155911,-0.949113841,0.038189224,0.312608960,0.270526554,0.000000000,0.000000000,0.000000000,1.000000000
11,1790406428718457000,FL_thigh,1790406428655283218,1790406428724161540,0.917179457,63.173782,5.704540,68.878322,0,0.030420416,0.998838010,-0.037376216,0.285789101,-0.253545712,-0.028459408,-0.966905003,0.767413266,-0.966844853,0.038889958,0.252385544,0.274173001,0.000000000,0.000000000,0.000000000,1.000000000
11,1790406428718457000,FL_calf,1790406428655283218,1790406428724161540,0.917179457,63.173782,5.704540,68.878322,0,-0.047109684,0.998845499,-0.009386141,0.293676666,-0.739758104,-0.028572825,0.672266459,0.972552263,0.671222164,0.038613461,0.740249734,0.220557002,0.000000000,0.000000000,0.000000000,1.000000000
11,1790406428718457000,FL_calflower,1790406428655283218,1790406428724161540,0.917179457,63.173782,5.704540,68.878322,0,-0.046581698,0.998845499,-0.011728913,0.294184416,-0.772432918,-0.028572826,0.634453806,0.858416555,0.633386245,0.038613461,0.772871741,0.124562233,0.000000000,0.000000000,0.000000000,1.000000000
11,1790406428718457000,FL_calflower1,1790406428655283218,1790406428724161540,0.917179457,63.173782,5.704540,68.878322,0,-0.035901562,0.998845499,-0.031913944,0.295136565,-0.978121632,-0.028572826,0.206063869,0.840783425,0.204914308,0.038613461,0.978017888,0.087365982,0.000000000,0.000000000,0.000000000,1.000000000
11,1790406428718457000,FL_foot,1790406428655283218,1790406428724161540,0.917179457,63.173782,5.704540,68.878322,0,-0.047109684,0.998845499,-0.009386141,0.295765021,-0.739758104,-0.028572825,0.672266459,0.829548195,0.671222164,0.038613461,0.740249734,0.063108254,0.000000000,0.000000000,0.000000000,1.000000000
11,1790406428718457000,FR_hip,1790406428655283218,1790406428724161540,0.917179457,63.173782,5.704540,68.878322,0,0.027264688,0.991772649,0.125073590,0.097545588,-0.313750460,0.127287644,-0.940935256,0.765296371,-0.949113841,-0.013587889,0.314639712,0.269465271,0.000000000,0.000000000,0.000000000,1.000000000
11,1790406428718457000,FR_thigh,1790406428655283218,1790406428724161540,0.917179457,63.173782,5.704540,68.878322,0,0.006755036,0.991740537,0.128081339,0.002852709,-0.150781001,0.127629999,-0.980293999,0.753142707,-0.988544012,-0.012690610,0.150397959,0.270762767,0.000000000,0.000000000,0.000000000,1.000000000
11,1790406428718457000,FR_calf,1790406428655283218,1790406428724161540,0.917179457,63.173782,5.704540,68.878322,0,0.115896693,0.991762440,-0.054543310,-0.024391540,-0.848448467,0.127401595,0.513716539,0.961036892,0.516433725,-0.013261159,0.856224393,0.238796716,0.000000000,0.000000000,0.000000000,1.000000000
11,1790406428718457000,FR_calflower,1790406428655283218,1790406428724161540,0.917179457,63.173782,5.704540,68.878322,0,0.118477881,0.991762440,-0.048682724,-0.013958040,-0.873063254,0.127401594,0.470669777,0.868100080,0.472994934,-0.013261159,0.880965264,0.122463839,0.000000000,0.000000000,0.000000000,1.000000000
11,1790406428718457000,FR_calflower1,1790406428655283218,1790406428724161540,0.917179457,63.173782,5.704540,68.878322,0,0.127569948,0.991762440,0.011529289,-0.013181694,-0.991748175,0.127401595,0.014319274,0.858009036,0.012732691,-0.013261159,0.999830927,0.082516932,0.000000000,0.000000000,0.000000000,1.000000000
11,1790406428718457000,FR_foot,1790406428655283218,1790406428724161540,0.917179457,63.173782,5.704540,68.878322,0,0.115896693,0.991762440,-0.054543310,-0.012707862,-0.848448467,0.127401595,0.513716539,0.851685735,0.516433725,-0.013261159,0.856224393,0.056516338,0.000000000,0.000000000,0.000000000,1.000000000
11,1790406428718457000,RL_hip,1790406428655283218,1790406428724161540,0.917179457,63.173782,5.704540,68.878322,0,0.027264688,0.998193728,0.053531958,0.179866480,-0.313750460,0.059390906,-0.947646569,0.891514589,-0.949113841,0.009041323,0.314803166,0.637643787,0.000000000,0.000000000,0.000000000,1.000000000
11,1790406428718457000,RL_thigh,1790406428655283218,1790406428724161540,0.917179457,63.173782,5.704540,68.878322,0,-0.024195544,0.998188846,0.055075907,0.275167277,0.536978285,0.059446431,-0.841499313,0.897184222,-0.843249201,0.009213743,-0.537443721,0.638507193,0.000000000,0.000000000,0.000000000,1.000000000
11,1790406428718457000,RL_calf,1790406428655283218,1790406428724161540,0.917179457,63.173782,5.704540,68.878322,0,0.055693375,0.998169334,0.023579266,0.263411647,-0.842430494,0.059653484,-0.535493207,1.076363263,-0.535919131,0.009959242,0.844210495,0.752981534,0.000000000,0.000000000,0.000000000,1.000000000
11,1790406428718457000,RL_calflower,1790406428655283218,1790406428724161540,0.917179457,63.173782,5.704540,68.878322,0,0.054445300,0.998169334,0.026333307,0.261164284,-0.814614170,0.059653484,-0.576927956,1.138588485,-0.577442311,0.009959243,0.816370659,0.617780391,0.000000000,0.000000000,0.000000000,1.000000000
11,1790406428718457000,RL_calflower1,1790406428655283218,1790406428724161540,0.917179457,63.173782,5.704540,68.878322,0,0.036132532,0.998169334,0.048499215,0.259593849,-0.456145317,0.059653484,-0.887904028,1.169710347,-0.889171368,0.009959242,0.457465795,0.590997595,0.000000000,0.000000000,0.000000000,1.000000000
11,1790406428718457000,RL_foot,1790406428655283218,1790406428724161540,0.917179457,63.173782,5.704540,68.878322,0,0.055693375,0.998169334,0.023579266,0.258562727,-0.842430494,0.059653484,-0.535493207,1.190076311,-0.535919131,0.009959242,0.844210495,0.573785550,0.000000000,0.000000000,0.000000000,1.000000000
11,1790406428718457000,RR_hip,1790406428655283218,1790406428724161540,0.917179457,63.173782,5.704540,68.878322,0,0.027264688,0.999337509,0.024102540,0.086999606,-0.313750460,0.031448033,-0.948984890,0.886655049,-0.949113841,0.018311310,0.314400183,0.636582504,0.000000000,0.000000000,0.000000000,1.000000000
11,1790406428718457000,RR_thigh,1790406428655283218,1790406428724161540,0.917179457,63.173782,5.704540,68.878322,0,0.001522956,0.999329510,0.036578194,-0.008415130,0.471624953,0.031536829,-0.881235486,0.883652908,-0.881798073,0.018592988,-0.471260354,0.634834027,0.000000000,0.000000000,0.000000000,1.000000000
11,1790406428718457000,RR_calf,1790406428655283218,1790406428724161540,0.917179457,63.173782,5.704540,68.878322,0,0.036745363,0.999321934,-0.002281239,-0.016244121,-0.888243351,0.031614749,-0.458284745,1.071248271,-0.457901529,0.018865851,0.888802639,0.735186681,0.000000000,0.000000000,0.000000000,1.000000000
11,1790406428718457000,RR_calflower,1790406428655283218,1790406428724161540,0.917179457,63.173782,5.704540,68.878322,0,0.036813456,0.999321934,-0.000441885,-0.015098004,-0.864228587,0.031614749,-0.502105673,1.121233982,-0.501750888,0.018865851,0.864806330,0.594699906,0.000000000,0.000000000,0.000000000,1.000000000
11,1790406428718457000,RR_calflower1,1790406428655283218,1790406428724161540,0.917179457,63.173782,5.704540,68.878322,0,0.032857402,0.999321934,0.016607737,-0.015433924,-0.534704425,0.031614749,-0.844447947,1.149914242,-0.844400044,0.018865851,0.535380712,0.565172744,0.000000000,0.000000000,0.000000000,1.000000000
11,1790406428718457000,RR_foot,1790406428655283218,1790406428724161540,0.917179457,63.173782,5.704540,68.878322,0,0.036745363,0.999321934,-0.002281239,-0.015660748,-0.888243351,0.031614749,-0.458284745,1.168710773,-0.457901529,0.018865851,0.888802639,0.546164028,0.000000000,0.000000000,0.000000000,1.000000000
12,1790406428782468000,FL_hip,1790406428724161540,1790406428788022493,0.913022078,58.306460,5.554493,63.860953,0,0.019178214,0.999207654,-0.034871334,0.203835744,-0.305738414,-0.027346055,-0.951723106,0.766624906,-0.951922274,0.028913583,0.304971884,0.303673977,0.000000000,0.000000000,0.000000000,1.000000000
12,1790406428782468000,FL_thigh,1790406428724161540,1790406428788022493,0.913022078,58.306460,5.554493,63.860953,0,0.012265172,0.999207509,-0.037863823,0.299260073,-0.479749020,-0.027343330,-0.876979975,0.764013358,-0.877319941,0.028921170,0.479033556,0.306435224,0.000000000,0.000000000,0.000000000,1.000000000
12,1790406428782468000,FL_calf,1790406428724161540,1790406428788022493,0.913022078,58.306460,5.554493,63.860953,0,-0.039795408,0.999207616,-0.000464845,0.307305892,-0.694996949,-0.027345417,0.718492954,0.950338095,0.717910913,0.028915513,0.695534094,0.204618454,0.000000000,0.000000000,0.000000000,1.000000000
12,1790406428782468000,FL_calflower,1790406428724161540,1790406428788022493,0.913022078,58.306460,5.554493,63.860953,0,-0.039722441,0.999207616,-0.002453205,0.306579131,-0.730038064,-0.027345417,0.682859655,0.830119672,0.682251495,0.028915513,0.730545448,0.116051744,0.000000000,0.000000000,0.000000000,1.000000000
12,1790406428782468000,FL_calflower1,1790406428724161540,1790406428788022493,0.913022078,58.306460,5.554493,63.860953,0,-0.034100765,0.999207616,-0.020518976,0.307074486,-0.962870425,-0.027345418,0.268576671,0.810108683,0.267802937,0.028915513,0.963039636,0.080013077,0.000000000,0.000000000,0.000000000,1.000000000
12,1790406428782468000,FL_foot,1790406428724161540,1790406428788022493,0.913022078,58.306460,5.554493,63.860953,0,-0.039795408,0.999207616,-0.000464845,0.307405255,-0.694996949,-0.027345417,0.718492954,0.797322512,0.717910913,0.028915513,0.695534094,0.056493173,0.000000000,0.000000000,0.000000000,1.000000000
12,1790406428782468000,FR_hip,1790406428724161540,1790406428788022493,0.913022078,58.306460,5.554493,63.860953,0,0.019178214,0.989533178,0.143024594,0.110944871,-0.305738414,0.142002704,-0.941466893,0.762141923,-0.951922274,-0.025672757,0.305261781,0.303242392,0.000000000,0.000000000,0.000000000,1.000000000
12,1790406428782468000,FR_thigh,1790406428724161540,1790406428788022493,0.913022078,58.306460,5.554493,63.860953,0,0.023150404,0.989530733,0.142452577,0.016445245,-0.331108115,0.142037948,-0.932841516,0.748580775,-0.943308686,-0.025571845,0.330930001,0.305694120,0.000000000,0.000000000,0.000000000,1.000000000
12,1790406428782468000,FR_calf,1790406428724161540,1790406428788022493,0.913022078,58.306460,5.554493,63.860953,0,0.136203000,0.989533518,-0.047664552,-0.013857602,-0.860269009,0.141997183,0.489667936,0.946999206,0.491311117,-0.025690203,0.870605112,0.235288508,0.000000000,0.000000000,0.000000000,1.000000000
12,1790406428782468000,FR_calflower,1790406428724161540,1790406428788022493,0.913022078,58.306460,5.554493,63.860953,0,0.138415016,0.989533518,-0.040797670,-0.004082178,-0.883667094,0.141997183,0.446060448,0.857326646,0.447184985,-0.025690203,0.894072404,0.116269829,0.000000000,0.000000000,0.000000000,1.000000000
12,1790406428782468000,FR_calflower1,1790406428724161540,1790406428788022493,0.913022078,58.306460,5.554493,63.860953,0,0.141612931,0.989533518,0.027729845,-0.003835175,-0.989789651,0.141997183,-0.012405710,0.848321144,-0.016213207,-0.025690203,0.999538397,0.076036713,0.000000000,0.000000000,0.000000000,1.000000000
12,1790406428782468000,FR_foot,1790406428724161540,1790406428788022493,0.913022078,58.306460,5.554493,63.860953,0,0.136203000,0.989533518,-0.047664552,-0.003709284,-0.860269009,0.141997183,0.489667936,0.842704002,0.491311117,-0.025690203,0.870605112,0.049856965,0.000000000,0.000000000,0.000000000,1.000000000
12,1790406428782468000,RL_hip,1790406428724161540,1790406428788022493,0.913022078,58.306460,5.554493,63.860953,0,0.019178214,0.998013779,0.060003687,0.196417611,-0.305738414,0.062993872,-0.950029710,0.884884525,-0.951922274,-0.000125846,0.306339403,0.671877512,0.000000000,0.000000000,0.000000000,1.000000000
12,1790406428782468000,RL_thigh,1790406428724161540,1790406428788022493,0.913022078,58.306460,5.554493,63.860953,0,-0.036347415,0.998014213,0.051441675,0.291726885,0.574001517,0.062986951,-0.816428538,0.890900378,-0.818047354,-0.000147755,-0.575150734,0.671865493,0.000000000,0.000000000,0.000000000,1.000000000
12,1790406428782468000,RL_calf,1790406428724161540,1790406428788022493,0.913022078,58.306460,5.554493,63.860953,0,0.052200829,0.998013688,0.035263307,0.280774249,-0.828073116,0.062995318,-0.557070157,1.064790065,-0.558184716,-0.000121360,0.829716620,0.794367199,0.000000000,0.000000000,0.000000000,1.000000000
12,1790406428782468000,RL_calflower,1790406428724161540,1790406428788022493,0.913022078,58.306460,5.554493,63.860953,0,0.050373161,0.998013688,0.037828192,0.276599869,-0.799196337,0.062995318,-0.597760371,1.130673799,-0.598955678,-0.000121360,0.800782082,0.660406067,0.000000000,0.000000000,0.000000000,1.000000000
12,1790406428782468000,RL_calflower1,1790406428724161540,1790406428788022493,0.913022078,58.306460,5.554493,63.860953,0,0.027212467,0.998013688,0.056814691,0.274583108,-0.432849802,0.062995318,-0.899262639,1.162575717,-0.901055135,-0.000121360,0.433704382,0.634364523,0.000000000,0.000000000,0.000000000,1.000000000
12,1790406428782468000,RL_foot,1790406428724161540,1790406428788022493,0.913022078,58.306460,5.554493,63.860953,0,0.052200829,0.998013688,0.035263307,0.273263897,-0.828073116,0.062995318,-0.557070157,1.183444061,-0.558184716,-0.000121360,0.829716620,0.617638482,0.000000000,0.000000000,0.000000000,1.000000000
12,1790406428782468000,RR_hip,1790406428724161540,1790406428788022493,0.913022078,58.306460,5.554493,63.860953,0,0.019178214,0.994334944,0.104546471,0.103526738,-0.305738414,0.105389188,-0.946265183,0.880401542,-0.951922274,-0.013816489,0.306027695,0.671445927,0.000000000,0.000000000,0.000000000,1.000000000
12,1790406428782468000,RR_thigh,1790406428724161540,1790406428788022493,0.913022078,58.306460,5.554493,63.860953,0,-0.072035463,0.994342531,0.078061336,0.008603379,0.569764344,0.105261768,-0.815039390,0.870339736,-0.818645108,-0.014235467,-0.574123158,0.672765201,0.000000000,0.000000000,0.000000000,1.000000000
12,1790406428782468000,RR_calf,1790406428724161540,1790406428788022493,0.913022078,58.306460,5.554493,63.860953,0,0.074439698,0.994345826,0.075728853,-0.007941500,-0.787631402,0.105200792,-0.607099846,1.043809325,-0.611633586,-0.014454386,0.791009032,0.795008168,0.000000000,0.000000000,0.000000000,1.000000000
12,1790406428782468000,RR_calflower,1790406428724161540,1790406428788022493,0.913022078,58.306460,5.554493,63.860953,0,0.070561802,0.994345826,0.079354645,-0.017721420,-0.756304723,0.105200792,-0.645706292,1.117784491,-0.650403177,-0.014454386,0.759451538,0.665873999,0.000000000,0.000000000,0.000000000,1.000000000
12,1790406428782468000,RR_calflower1,1790406428724161540,1790406428788022493,0.913022078,58.306460,5.554493,63.860953,0,0.025943638,0.994345826,0.102971139,-0.021606913,-0.372664730,0.105200792,-0.921983974,1.151123191,-0.927603221,-0.014454387,0.373287016,0.642034095,0.000000000,0.000000000,0.000000000,1.000000000
12,1790406428782468000,RR_foot,1790406428724161540,1790406428788022493,0.913022078,58.306460,5.554493,63.860953,0,0.074439698,0.994345826,0.075728853,-0.024141810,-0.787631402,0.105200792,-0.607099846,1.172911658,-0.611633586,-0.014454386,0.791009032,0.626747158,0.000000000,0.000000000,0.000000000,1.000000000
13,1790406428850461000,FL_hip,1790406428788022493,1790406428856037919,0.918005086,62.438507,5.576919,68.015426,0,0.028090881,0.996742799,0.075593964,0.218309313,-0.324139887,0.080620332,-0.942567948,0.755286276,-0.945591896,0.001974262,0.325348954,0.329227911,0.000000000,0.000000000,0.000000000,1.000000000
13,1790406428850461000,FL_thigh,1790406428788022493,1790406428856037919,0.918005086,62.438507,5.576919,68.015426,0,0.052070716,0.996729576,0.061794374,0.313472578,-0.619356624,0.080772374,-0.780944196,0.762984016,-0.783381092,0.002391285,0.621536982,0.329416205,0.000000000,0.000000000,0.000000000,1.000000000
13,1790406428850461000,FL_calf,1790406428788022493,1790406428856037919,0.918005086,62.438507,5.576919,68.015426,0,0.057603132,0.996749875,-0.056314458,0.300345767,-0.727556167,0.080538498,0.681304789,0.929149567,0.683625956,0.001726358,0.729830422,0.197139919,0.000000000,0.000000000,0.000000000,1.000000000
13,1790406428850461000,FL_calflower,1790406428788022493,1790406428856037919,0.918005086,62.438507,5.576919,68.015426,0,0.060345693,0.996749875,-0.053365123,0.309796932,-0.760697959,0.080538497,0.644090683,0.813814402,0.646295284,0.001726358,0.763085382,0.102813385,0.000000000,0.000000000,0.000000000,1.000000000
13,1790406428850461000,FL_calflower1,1790406428788022493,1790406428856037919,0.918005086,62.438507,5.576919,68.015426,0,0.078169226,0.996749875,-0.019468208,0.311317023,-0.972162892,0.080538497,0.220030689,0.795663625,0.220883697,0.001726358,0.975298562,0.065835605,0.000000000,0.000000000,0.000000000,1.000000000
13,1790406428850461000,FL_foot,1790406428788022493,1790406428856037919,0.918005086,62.438507,5.576919,68.015426,0,0.057603132,0.996749875,-0.056314458,0.312287068,-0.727556167,0.080538498,0.681304789,0.784090282,0.683625956,0.001726358,0.729830422,0.041716103,0.000000000,0.000000000,0.000000000,1.000000000
13,1790406428850461000,FR_hip,1790406428788022493,1790406428856037919,0.918005086,62.438507,5.576919,68.015426,0,0.028090881,0.990578298,0.134034664,0.125623924,-0.324139887,0.135868884,-0.936201699,0.747644376,-0.945591896,-0.017147542,0.324902757,0.329094086,0.000000000,0.000000000,0.000000000,1.000000000
13,1790406428850461000,FR_thigh,1790406428788022493,1790406428856037919,0.918005086,62.438507,5.576919,68.015426,0,0.040605151,0.990581215,0.130766321,0.031031553,-0.411674580,0.135835646,-0.901151130,0.734670075,-0.910425767,-0.017242085,0.413312843,0.330731506,0.000000000,0.000000000,0.000000000,1.000000000
13,1790406428850461000,FR_calf,1790406428788022493,1790406428856037919,0.918005086,62.438507,5.576919,68.015426,0,0.123582954,0.990580435,-0.058969551,0.003183125,-0.832774126,0.135844456,0.536688159,0.926575277,0.539643537,-0.017217484,0.841717461,0.242712026,0.000000000,0.000000000,0.000000000,1.000000000
13,1790406428850461000,FR_calflower,1790406428788022493,1790406428856037919,0.918005086,62.438507,5.576919,68.015426,0,0.126375757,0.990580435,-0.052719281,0.014370617,-0.858556604,0.135844456,0.494396079,0.830498696,0.496900784,-0.017217484,0.867636469,0.128937088,0.000000000,0.000000000,0.000000000,1.000000000
13,1790406428850461000,FR_calflower1,1790406428788022493,1790406428856037919,0.918005086,62.438507,5.576919,68.015426,0,0.136439321,0.990580435,0.011595958,0.015212606,-0.989837162,0.135844456,0.042063252,0.819308442,0.040092019,-0.017217484,0.999047577,0.089265397,0.000000000,0.000000000,0.000000000,1.000000000
13,1790406428850461000,FR_foot,1790406428788022493,1790406428856037919,0.918005086,62.438507,5.576919,68.015426,0,0.123582954,0.990580435,-0.058969551,0.015726997,-0.832774126,0.135844456,0.536688159,0.812269452,0.539643537,-0.017217484,0.841717461,0.063437169,0.000000000,0.000000000,0.000000000,1.000000000
13,1790406428850461000,RL_hip,1790406428788022493,1790406428856037919,0.918005086,62.438507,5.576919,68.015426,0,0.028090881,0.991068592,0.130359888,0.207443760,-0.324139887,0.132395767,-0.936699170,0.880663584,-0.945591896,-0.015942426,0.324964119,0.694982856,0.000000000,0.000000000,0.000000000,1.000000000
13,1790406428850461000,RL_thigh,1790406428788022493,1790406428856037919,0.918005086,62.438507,5.576919,68.015426,0,-0.087247996,0.991068515,0.100850081,0.302085190,0.553377083,0.132396662,-0.822341516,0.893306689,-0.828348916,-0.015939817,-0.559985597,0.693460425,0.000000000,0.000000000,0.000000000,1.000000000
13,1790406428850461000,RL_calf,1790406428788022493,1790406428856037919,0.918005086,62.438507,5.576919,68.015426,0,0.101586905,0.991069218,0.086380887,0.280604565,-0.827136500,0.132388513,-0.546185988,1.068458234,-0.552743609,-0.015963732,0.833198377,0.812739816,0.000000000,0.000000000,0.000000000,1.000000000
13,1790406428850461000,RL_calflower,1790406428788022493,1790406428856037919,0.918005086,62.438507,5.576919,68.015426,0,0.097142703,0.991069218,0.091350162,0.269850374,-0.798804873,0.132388513,-0.586842993,1.132744368,-0.593695386,-0.015963732,0.804531430,0.678374770,0.000000000,0.000000000,0.000000000,1.000000000
13,1790406428850461000,RL_calflower1,1790406428788022493,1790406428856037919,0.918005086,62.438507,5.576919,68.015426,0,0.043981482,0.991069218,0.125885607,0.265224920,-0.437543993,0.132388513,-0.889398211,1.164203683,-0.898120653,-0.015963732,0.439459128,0.652131434,0.000000000,0.000000000,0.000000000,1.000000000
13,1790406428850461000,RL_foot,1790406428788022493,1790406428856037919,0.918005086,62.438507,5.576919,68.015426,0,0.101586905,0.991069218,0.086380887,0.262203849,-0.827136500,0.132388513,-0.546185988,1.184785136,-0.552743609,-0.015963732,0.833198377,0.635273343,0.000000000,0.000000000,0.000000000,1.000000000
13,1790406428850461000,RR_hip,1790406428788022493,1790406428856037919,0.918005086,62.438507,5.576919,68.015426,0,0.028090881,0.997608024,0.063157615,0.114758371,-0.324139887,0.068859212,-0.943500071,0.873021684,-0.945591896,0.006031565,0.325299032,0.694849031,0.000000000,0.000000000,0.000000000,1.000000000
13,1790406428850461000,RR_thigh,1790406428788022493,1790406428856037919,0.918005086,62.438507,5.576919,68.015426,0,-0.033867552,0.997608238,0.060253997,0.019515934,0.562933114,0.068856743,-0.823629589,0.866448337,-0.825808491,0.006024371,-0.563918360,0.694272954,0.000000000,0.000000000,0.000000000,1.000000000
13,1790406428850461000,RR_calf,1790406428788022493,1790406428856037919,0.918005086,62.438507,5.576919,68.015426,0,0.059002672,0.997610054,0.035952976,0.006686563,-0.803817026,0.068835714,-0.590881100,1.041844875,-0.591943411,0.005963668,0.805957385,0.814400217,0.000000000,0.000000000,0.000000000,1.000000000
13,1790406428850461000,RR_calflower,1790406428788022493,1790406428856037919,0.918005086,62.438507,5.576919,68.015426,0,0.057132035,0.997610054,0.038856949,0.002541562,-0.773280718,0.068835714,-0.630316760,1.113185043,-0.631484717,0.005963668,0.775365308,0.683293046,0.000000000,0.000000000,0.000000000,1.000000000
13,1790406428850461000,RR_calflower1,1790406428788022493,1790406428856037919,0.918005086,62.438507,5.576919,68.015426,0,0.032732494,0.997610054,0.060848300,0.000416202,-0.394828917,0.068835713,-0.916172698,1.146118542,-0.918171290,0.005963668,0.396138600,0.658597651,0.000000000,0.000000000,0.000000000,1.000000000
13,1790406428850461000,RR_foot,1790406428788022493,1790406428856037919,0.918005086,62.438507,5.576919,68.015426,0,0.059002672,0.997610054,0.035952976,-0.000975024,-0.803817026,0.068835714,-0.590881100,1.167648877,-0.591943411,0.005963668,0.805957385,0.642751898,0.000000000,0.000000000,0.000000000,1.000000000
14,1790406428918461000,FL_hip,1790406428856037919,1790406428927715910,0.870882123,62.423081,9.254910,71.677991,0,0.027172994,0.985865321,0.165320754,0.221945269,-0.313876101,0.165432303,-0.934940953,0.743435467,-0.949074928,-0.026485373,0.313934995,0.347439929,0.000000000,0.000000000,0.000000000,1.000000000
14,1790406428918461000,FL_thigh,1790406428856037919,1790406428927715910,0.870882123,62.423081,9.254910,71.677991,0,0.089373837,0.985861379,0.141737125,0.316084802,-0.652328164,0.165476798,-0.739652645,0.759232587,-0.752648825,-0.026353809,0.657894442,0.344910823,0.000000000,0.000000000,0.000000000,1.000000000
14,1790406428918461000,FL_calf,1790406428856037919,1790406428927715910,0.870882123,62.423081,9.254910,71.677991,0,0.143059574,0.985867593,-0.087171107,0.285913874,-0.748716545,0.165405663,0.641923002,0.916732079,0.647269688,-0.026567066,0.761797885,0.204809872,0.000000000,0.000000000,0.000000000,1.000000000
14,1790406428918461000,FL_calflower,1790406428856037919,1790406428927715910,0.870882123,62.423081,9.254910,71.677991,0,0.147237526,0.985867593,-0.079912167,0.301663158,-0.779863622,0.165405663,0.603700535,0.806766703,0.608386744,-0.026567066,0.793195837,0.105013285,0.000000000,0.000000000,0.000000000,1.000000000
14,1790406428918461000,FL_calflower1,1790406428856037919,1790406428927715910,0.870882123,62.423081,9.254910,71.677991,0,0.167500713,0.985867593,-0.002890463,0.303383601,-0.970511409,0.165405663,0.175354529,0.790418312,0.173354633,-0.026567066,0.984501009,0.067203993,0.000000000,0.000000000,0.000000000,1.000000000
14,1790406428918461000,FL_foot,1790406428856037919,1790406428927715910,0.870882123,62.423081,9.254910,71.677991,0,0.143059574,0.985867593,-0.087171107,0.304462042,-0.748716545,0.165405663,0.641923002,0.780017638,0.647269688,-0.026567066,0.761797885,0.042555017,0.000000000,0.000000000,0.000000000,1.000000000
14,1790406428918461000,FR_hip,1790406428856037919,1790406428927715910,0.870882123,62.423081,9.254910,71.677991,0,0.027172994,0.999623066,-0.003886950,0.129669576,-0.313876101,0.004840180,-0.949451950,0.731910439,-0.949074928,0.027019216,0.313889500,0.348609541,0.000000000,0.000000000,0.000000000,1.000000000
14,1790406428918461000,FR_thigh,1790406428856037919,1790406428927715910,0.870882123,62.423081,9.254910,71.677991,0,0.027690658,0.999603131,-0.005153816,0.034432070,-0.356613565,0.005061854,-0.934238610,0.731460243,-0.933841417,0.027707346,0.356612375,0.346031708,0.000000000,0.000000000,0.000000000,1.000000000
14,1790406428918461000,FR_calf,1790406428856037919,1790406428927715910,0.870882123,62.423081,9.254910,71.677991,0,-0.015287079,0.999718752,-0.018123876,0.035566208,-0.660995381,0.003496003,0.750382251,0.929930787,0.750234565,0.023450696,0.660755657,0.270245912,0.000000000,0.000000000,0.000000000,1.000000000
14,1790406428918461000,FR_calflower,1790406428856037919,1790406428927715910,0.870882123,62.423081,9.254910,71.677991,0,-0.014362158,0.999718752,-0.018865262,0.037411608,-0.697672790,0.003496004,0.716408469,0.806507234,0.716272948,0.023450696,0.697425984,0.187949704,0.000000000,0.000000000,0.000000000,1.000000000
14,1790406428918461000,FR_calflower1,1790406428856037919,1790406428927715910,0.870882123,62.423081,9.254910,71.677991,0,-0.004027577,0.999718752,-0.023365537,0.038147530,-0.949654735,0.003496003,0.313279908,0.784943175,0.313273672,0.023450696,0.949373239,0.153106663,0.000000000,0.000000000,0.000000000,1.000000000
14,1790406428918461000,FR_foot,1790406428856037919,1790406428927715910,0.870882123,62.423081,9.254910,71.677991,0,-0.015287079,0.999718752,-0.018123876,0.038627673,-0.660995381,0.003496003,0.750382251,0.771141069,0.750234565,0.023450696,0.660755657,0.130354227,0.000000000,0.000000000,0.000000000,1.000000000
14,1790406428918461000,RL_hip,1790406428856037919,1790406428927715910,0.870882123,62.423081,9.254910,71.677991,0,0.027172994,0.984660848,0.172349632,0.211434754,-0.313876101,0.172097888,-0.933736981,0.864842743,-0.949074928,-0.028724287,0.313738062,0.714542111,0.000000000,0.000000000,0.000000000,1.000000000
14,1790406428918461000,RL_thigh,1790406428856037919,1790406428927715910,0.870882123,62.423081,9.254910,71.677991,0,-0.116329713,0.984661284,0.130035793,0.305469668,0.524783396,0.172092948,-0.833658829,0.881278057,-0.843249716,-0.028738953,-0.536753075,0.711798947,0.000000000,0.000000000,0.000000000,1.000000000
14,1790406428918461000,RL_calf,1790406428856037919,1790406428927715910,0.870882123,62.423081,9.254910,71.677991,0,0.123197396,0.984660583,0.123554404,0.277777787,-0.802310856,0.172100988,-0.571558552,1.058827489,-0.584054666,-0.028714800,0.811206190,0.826114109,0.000000000,0.000000000,0.000000000,1.000000000
14,1790406428918461000,RL_calflower,1790406428856037919,1790406428927715910,0.870882123,62.423081,9.254910,71.677991,0,0.116868285,0.984660583,0.129557297,0.261957498,-0.772742155,0.172100988,-0.610943083,1.127368705,-0.623868161,-0.028714800,0.781001827,0.694380806,0.000000000,0.000000000,0.000000000,1.000000000
14,1790406428918461000,RL_calflower1,1790406428856037919,1790406428927715910,0.870882123,62.423081,9.254910,71.677991,0,0.043834714,0.984660583,0.168884005,0.255606976,-0.403297575,0.172100988,-0.898739648,1.159532282,-0.914018271,-0.028714800,0.404655330,0.669380631,0.000000000,0.000000000,0.000000000,1.000000000
14,1790406428918461000,RL_foot,1790406428856037919,1790406428927715910,0.870882123,62.423081,9.254910,71.677991,0,0.123197396,0.984660583,0.123554404,0.251463259,-0.802310856,0.172100988,-0.571558552,1.180563635,-0.584054666,-0.028714800,0.811206190,0.653335495,0.000000000,0.000000000,0.000000000,1.000000000
14,1790406428918461000,RR_hip,1790406428856037919,1790406428927715910,0.870882123,62.423081,9.254910,71.677991,0,0.027172994,0.991732911,0.125408197,0.119159061,-0.313876101,0.127574365,-0.940854512,0.853317715,-0.949074928,-0.013797081,0.314747989,0.715711723,0.000000000,0.000000000,0.000000000,1.000000000
14,1790406428918461000,RR_thigh,1790406428856037919,1790406428927715910,0.870882123,62.423081,9.254910,71.677991,0,-0.074058238,0.991727414,0.104842109,0.024453099,0.482298095,0.127636282,-0.866659198,0.841134914,-0.872871234,-0.013618382,-0.487760416,0.717029292,0.000000000,0.000000000,0.000000000,1.000000000
14,1790406428918461000,RR_calf,1790406428856037919,1790406428927715910,0.870882123,62.423081,9.254910,71.677991,0,0.098386545,0.991730171,0.082408191,0.002107509,-0.824492515,0.127605596,-0.551298052,1.025587494,-0.557254306,-0.013704905,0.830228697,0.820843094,0.000000000,0.000000000,0.000000000,1.000000000
14,1790406428918461000,RR_calflower,1790406428856037919,1790406428927715910,0.870882123,62.423081,9.254910,71.677991,0,0.094144894,0.991730171,0.087222480,-0.008108583,-0.795908696,0.127605595,-0.591816525,1.090672862,-0.598052024,-0.013704905,0.801340020,0.686852069,0.000000000,0.000000000,0.000000000,1.000000000
14,1790406428918461000,RR_calflower1,1790406428856037919,1790406428927715910,0.870882123,62.423081,9.254910,71.677991,0,0.043228518,0.991730171,0.120840048,-0.012536543,-0.432678426,0.127605595,-0.892472314,1.122296676,-0.900511242,-0.013704905,0.434616559,0.660784646,0.000000000,0.000000000,0.000000000,1.000000000
14,1790406428918461000,RR_foot,1790406428856037919,1790406428927715910,0.870882123,62.423081,9.254910,71.677991,0,0.098386545,0.991730171,0.082408191,-0.015428925,-0.824492515,0.127605596,-0.551298052,1.142983964,-0.557254306,-0.013704905,0.830228697,0.644041587,0.000000000,0.000000000,0.000000000,1.000000000
15,1790406428982466000,FL_hip,1790406428927715910,1790406428986284855,0.934797272,54.750090,3.818855,58.568945,0,0.021508198,0.978399470,0.205600652,0.216451708,-0.282670707,0.203208430,-0.937445600,0.735826278,-0.958975738,-0.037954798,0.280935636,0.351814662,0.000000000,0.000000000,0.000000000,1.000000000
15,1790406428982466000,FL_thigh,1790406428927715910,1790406428986284855,0.934797272,54.750090,3.818855,58.568945,0,0.105084696,0.978399336,0.178021628,0.309888673,-0.646988404,0.203210156,-0.734923320,0.755232645,-0.755223944,-0.037949017,0.654367275,0.348189986,0.000000000,0.000000000,0.000000000,1.000000000
15,1790406428982466000,FL_calf,1790406428927715910,1790406428986284855,0.934797272,54.750090,3.818855,58.568945,0,0.180818304,0.978399346,-0.100195881,0.271971349,-0.752274935,0.203210029,0.626728613,0.911768154,0.633551655,-0.037949436,0.772769050,0.208812393,0.000000000,0.000000000,0.000000000,1.000000000
15,1790406428982466000,FL_calflower,1790406428927715910,1790406428986284855,0.934797272,54.750090,3.818855,58.568945,0,0.185600035,0.978399346,-0.091033514,0.290417096,-0.782658163,0.203210029,0.588347289,0.803968802,0.594137525,-0.037949436,0.803467676,0.107115160,0.000000000,0.000000000,0.000000000,1.000000000
15,1790406428982466000,FL_calflower1,1790406428927715910,1790406428986284855,0.934797272,54.750090,3.818855,58.568945,0,0.206663670,0.978399346,0.004959967,0.292202631,-0.965900343,0.203210029,0.160445817,0.788261790,0.155972327,-0.037949436,0.987032085,0.069035672,0.000000000,0.000000000,0.000000000,1.000000000
15,1790406428982466000,FL_foot,1790406428927715910,1790406428986284855,0.934797272,54.750090,3.818855,58.568945,0,0.180818304,0.978399346,-0.100195881,0.293313785,-0.752274935,0.203210029,0.626728613,0.778277430,0.633551655,-0.037949436,0.772769050,0.044215120,0.000000000,0.000000000,0.000000000,1.000000000
15,1790406428982466000,FR_hip,1790406428927715910,1790406428986284855,0.934797272,54.750090,3.818855,58.568945,0,0.021508198,0.999753999,-0.005393741,0.124511541,-0.282670707,0.000906050,-0.959216920,0.721972859,-0.958975738,0.022155430,0.282620833,0.353836104,0.000000000,0.000000000,0.000000000,1.000000000
15,1790406428982466000,FR_thigh,1790406428927715910,1790406428986284855,0.934797272,54.750090,3.818855,58.568945,0,0.020754349,0.999754149,-0.007788027,0.029035057,-0.389212336,0.000904002,-0.921147974,0.721886331,-0.920914123,0.022148773,0.389135547,0.351720261,0.000000000,0.000000000,0.000000000,1.000000000
15,1790406428982466000,FR_calf,1790406428927715910,1790406428986284855,0.934797272,54.750090,3.818855,58.568945,0,-0.014753586,0.999753822,-0.016564491,0.030693514,-0.718889278,0.000908268,0.695124471,0.918051026,0.694968395,0.022163363,0.718698532,0.268850114,0.000000000,0.000000000,0.000000000,1.000000000
15,1790406428982466000,FR_calflower,1790406428927715910,1790406428986284855,0.934797272,54.750090,3.818855,58.568945,0,-0.013907268,0.999753822,-0.017281161,0.032850353,-0.752732597,0.000908268,0.658326257,0.800828480,0.658179910,0.022163363,0.752534289,0.176407154,0.000000000,0.000000000,0.000000000,1.000000000
15,1790406428982466000,FR_calflower1,1790406428927715910,1790406428986284855,0.934797272,54.750090,3.818855,58.568945,0,-0.004355595,0.999753822,-0.021750389,0.033680771,-0.971671348,0.000908268,0.236335809,0.782028325,0.236297574,0.022163363,0.971427870,0.139734142,0.000000000,0.000000000,0.000000000,1.000000000
15,1790406428982466000,FR_foot,1790406428927715910,1790406428986284855,0.934797272,54.750090,3.818855,58.568945,0,-0.014753586,0.999753822,-0.016564491,0.034222279,-0.718889278,0.000908268,0.695124471,0.770032301,0.694968395,0.022163363,0.718698532,0.115809168,0.000000000,0.000000000,0.000000000,1.000000000
15,1790406428982466000,RL_hip,1790406428927715910,1790406428986284855,0.934797272,54.750090,3.818855,58.568945,0,0.021508198,0.976804908,0.213047703,0.208132337,-0.282670707,0.210343583,-0.935870449,0.845163307,-0.958975738,-0.040093740,0.280638362,0.722746478,0.000000000,0.000000000,0.000000000,1.000000000
15,1790406428982466000,RL_thigh,1790406428927715910,1790406428986284855,0.934797272,54.750090,3.818855,58.568945,0,-0.153822211,0.976805137,0.148963774,0.301416514,0.558990501,0.210340498,-0.802051833,0.865250973,-0.814781354,-0.040104334,-0.578379505,0.718917553,0.000000000,0.000000000,0.000000000,1.000000000
15,1790406428982466000,RL_calf,1790406428927715910,1790406428986284855,0.934797272,54.750090,3.818855,58.568945,0,0.131262796,0.976805541,0.169176733,0.269689741,-0.736236661,0.210334638,-0.643207251,1.036084639,-0.663871795,-0.040125213,0.746769088,0.842110586,0.000000000,0.000000000,0.000000000,1.000000000
15,1790406428982466000,RL_calflower,1790406428927715910,1790406428986284855,0.934797272,54.750090,3.818855,58.568945,0,0.122643439,0.976805541,0.175525712,0.247276950,-0.703169593,0.210334638,-0.679199906,1.116541845,-0.700365027,-0.040125213,0.712656061,0.718329803,0.000000000,0.000000000,0.000000000,1.000000000
15,1790406428982466000,RL_calflower1,1790406428927715910,1790406428986284855,0.934797272,54.750090,3.818855,58.568945,0,0.027729989,0.976805541,0.212324601,0.239030323,-0.310067486,0.210334638,-0.927155943,1.150736297,-0.950309951,-0.040125213,0.308708323,0.696830514,0.000000000,0.000000000,0.000000000,1.000000000
15,1790406428982466000,RL_foot,1790406428927715910,1790406428986284855,0.934797272,54.750090,3.818855,58.568945,0,0.131262796,0.976805541,0.169176733,0.233656595,-0.736236661,0.210334638,-0.643207251,1.173066390,-0.663871795,-0.040125213,0.746769088,0.683072667,0.000000000,0.000000000,0.000000000,1.000000000
15,1790406428982466000,RR_hip,1790406428927715910,1790406428986284855,0.934797272,54.750090,3.818855,58.568945,0,0.021508198,0.988776100,0.147847810,0.116192170,-0.282670707,0.147862306,-0.947752425,0.831309888,-0.958975738,-0.021408072,0.282678426,0.724767920,0.000000000,0.000000000,0.000000000,1.000000000
15,1790406428982466000,RR_thigh,1790406428927715910,1790406428986284855,0.934797272,54.750090,3.818855,58.568945,0,-0.101251086,0.988775648,0.109866689,0.021764307,0.557923003,0.147868507,-0.816613419,0.817189077,-0.823693185,-0.021386117,-0.566632187,0.726812385,0.000000000,0.000000000,0.000000000,1.000000000
15,1790406428982466000,RR_calf,1790406428927715910,1790406428986284855,0.934797272,54.750090,3.818855,58.568945,0,0.099009410,0.988775577,0.111891686,-0.001636188,-0.755674323,0.147869542,-0.638037275,0.991092812,-0.647420699,-0.021382254,0.761832725,0.847482760,0.000000000,0.000000000,0.000000000,1.000000000
15,1790406428982466000,RR_calflower,1790406428927715910,1790406428986284855,0.934797272,54.750090,3.818855,58.568945,0,0.093293421,0.988775577,0.116700258,-0.016209381,-0.722841355,0.147869542,-0.675007869,1.070388792,-0.684687359,-0.021382254,0.728523084,0.721817127,0.000000000,0.000000000,0.000000000,1.000000000
15,1790406428982466000,RR_calflower1,1790406428927715910,1790406428986284855,0.934797272,54.750090,3.818855,58.568945,0,0.028861041,0.988775577,0.146593496,-0.021808461,-0.329452034,0.147869542,-0.932521637,1.104608535,-0.943731000,-0.021382254,0.330021913,0.699529276,0.000000000,0.000000000,0.000000000,1.000000000
15,1790406428982466000,RR_foot,1790406428927715910,1790406428986284855,0.934797272,54.750090,3.818855,58.568945,0,0.099009410,0.988775577,0.111891686,-0.025459455,-0.755674323,0.147869542,-0.638037275,1.126959844,-0.647420699,-0.021382254,0.761832725,0.685256586,0.000000000,0.000000000,0.000000000,1.000000000
16,1790406429518461000,FL_hip,1790406429121122339,1790406429689970642,0.698496697,397.338661,171.509642,568.848303,1,0.000925457,0.975922885,0.218113288,0.193373104,-0.220286492,0.212954427,-0.951905961,0.806499680,-0.975434674,-0.047166743,0.215179780,0.336419336,0.000000000,0.000000000,0.000000000,1.000000000
16,1790406429518461000,FL_thigh,1790406429121122339,1790406429689970642,0.698496697,397.338661,171.509642,568.848303,1,0.029998044,0.975915515,0.216075836,0.286558377,-0.351607146,0.212659875,-0.911673668,0.826833558,-0.935666802,-0.048625660,0.349518273,0.331915636,0.000000000,0.000000000,0.000000000,1.000000000
16,1790406429518461000,FL_calf,1790406429121122339,1790406429689970642,0.698496697,397.338661,171.509642,568.848303,1,0.198328242,0.975922894,-0.090775300,0.241071985,-0.775779201,0.212905691,0.594002089,1.018428640,0.599026744,-0.047386080,0.799325566,0.258596529,0.000000000,0.000000000,0.000000000,1.000000000
16,1790406429518461000,FL_calflower,1790406429121122339,1790406429689970642,0.698496697,397.338661,171.509642,568.848303,1,0.202617257,0.975922894,-0.080749574,0.258437619,-0.804497411,0.212905691,0.554486941,0.915039504,0.558328489,-0.047386079,0.828265477,0.152307716,0.000000000,0.000000000,0.000000000,1.000000000
16,1790406429518461000,FL_calflower1,1790406429121122339,1790406429689970642,0.698496697,397.338661,171.509642,568.848303,1,0.217008950,0.975922894,0.021939967,0.259631887,-0.969635641,0.212905691,0.120326951,0.900908425,0.112758786,-0.047386079,0.992491742,0.113605866,0.000000000,0.000000000,0.000000000,1.000000000
16,1790406429518461000,FL_foot,1790406429121122339,1790406429689970642,0.698496697,397.338661,171.509642,568.848303,1,0.198328242,0.975922894,-0.090775300,0.260355726,-0.775779201,0.212905691,0.594002089,0.891950495,0.599026744,-0.047386080,0.799325566,0.088390935,0.000000000,0.000000000,0.000000000,1.000000000
16,1790406429518461000,FR_hip,1790406429121122339,1790406429689970642,0.698496697,397.338661,171.509642,568.848303,1,0.000925457,0.999978082,0.006535993,0.101112073,-0.220286492,0.006579199,-0.975413379,0.795068175,-0.975434674,-0.000537346,0.220287881,0.338913452,0.000000000,0.000000000,0.000000000,1.000000000
16,1790406429518461000,FR_thigh,1790406429121122339,1790406429689970642,0.698496697,397.338661,171.509642,568.848303,1,0.003026186,0.999978110,0.005861891,0.005665940,-0.533419336,0.006572403,-0.845825810,0.794439722,-0.845845470,-0.000567478,0.533427560,0.338964850,0.000000000,0.000000000,0.000000000,1.000000000
16,1790406429518461000,FR_calf,1790406429121122339,1790406429689970642,0.698496697,397.338661,171.509642,568.848303,1,0.006186415,0.999978376,-0.002171578,0.004414833,-0.885222928,0.006486441,0.465122541,0.974494161,0.465126608,-0.000955369,0.885243564,0.225368917,0.000000000,0.000000000,0.000000000,1.000000000
16,1790406429518461000,FR_calflower,1790406429121122339,1790406429689970642,0.698496697,397.338661,171.509642,568.848303,1,0.006287217,0.999978376,-0.001859672,0.004801408,-0.907363068,0.006486441,0.420298552,0.888012577,0.420301583,-0.000955369,0.907383882,0.103689272,0.000000000,0.000000000,0.000000000,1.000000000
16,1790406429518461000,FR_calflower1,1790406429121122339,1790406429689970642,0.698496697,397.338661,171.509642,568.848303,1,0.006435488,0.999978376,0.001253786,0.004795275,-0.998911554,0.006486441,-0.046198688,0.880276549,-0.046205611,-0.000955369,0.998931415,0.063204646,0.000000000,0.000000000,0.000000000,1.000000000
16,1790406429518461000,FR_foot,1790406429121122339,1790406429689970642,0.698496697,397.338661,171.509642,568.848303,1,0.006186415,0.999978376,-0.002171578,0.004789726,-0.885222928,0.006486441,0.465122541,0.875487630,0.465126608,-0.000955369,0.885243564,0.036868622,0.000000000,0.000000000,0.000000000,1.000000000
16,1790406429518461000,RL_hip,1790406429121122339,1790406429689970642,0.698496697,397.338661,171.509642,568.848303,1,0.000925457,0.986902721,0.161313059,0.193015137,-0.220286492,0.157551671,-0.962627663,0.891706495,-0.975434674,-0.034644493,0.217547232,0.713717468,0.000000000,0.000000000,0.000000000,1.000000000
16,1790406429518461000,RL_thigh,1790406429121122339,1790406429689970642,0.698496697,397.338661,171.509642,568.848303,1,-0.134583612,0.986902671,0.088938796,0.287258322,0.686532838,0.157590151,-0.709815956,0.906751698,-0.714535036,-0.034470466,-0.698749821,0.710409135,0.000000000,0.000000000,0.000000000,1.000000000
16,1790406429518461000,RL_calf,1790406429121122339,1790406429689970642,0.698496697,397.338661,171.509642,568.848303,1,0.080495963,0.986902768,0.139796518,0.268294235,-0.667283090,0.157542043,-0.727952242,1.057854438,-0.740441584,-0.034686911,0.671224941,0.859172368,0.000000000,0.000000000,0.000000000,1.000000000
16,1790406429518461000,RL_calflower,1790406429121122339,1790406429689970642,0.698496697,397.338661,171.509642,568.848303,1,0.073408450,0.986902768,0.143644930,0.249212232,-0.630066712,0.157542043,-0.760392746,1.152234955,-0.773063490,-0.034686911,0.633379429,0.745027418,0.000000000,0.000000000,0.000000000,1.000000000
16,1790406429518461000,RL_calflower1,1790406429121122339,1790406429689970642,0.698496697,397.338661,171.509642,568.848303,1,-0.001219315,0.986902768,0.161310817,0.242732586,-0.207732439,0.157542043,-0.965416192,1.188947707,-0.978184821,-0.034686911,0.204819717,0.727423970,0.000000000,0.000000000,0.000000000,1.000000000
16,1790406429518461000,RL_foot,1790406429121122339,1790406429689970642,0.698496697,397.338661,171.509642,568.848303,1,0.080495963,0.986902768,0.139796518,0.238515938,-0.667283090,0.157542043,-0.727952242,1.212891529,-0.740441584,-0.034686911,0.671224941,0.716208428,0.000000000,0.000000000,0.000000000,1.000000000
16,1790406429518461000,RR_hip,1790406429121122339,1790406429689970642,0.698496697,397.338661,171.509642,568.848303,1,0.000925457,0.998962082,0.045537270,0.100754106,-0.220286492,0.044622246,-0.974414389,0.880274990,-0.975434674,-0.009129730,0.220099267,0.716211584,0.000000000,0.000000000,0.000000000,1.000000000
16,1790406429518461000,RR_thigh,1790406429121122339,1790406429689970642,0.698496697,397.338661,171.509642,568.848303,1,-0.036025317,0.998962460,0.027855354,0.005371427,0.645265889,0.044536154,-0.762659261,0.876014478,-0.763108439,-0.009501195,-0.646200496,0.717083285,0.000000000,0.000000000,0.000000000,1.000000000
16,1790406429518461000,RR_calf,1790406429121122339,1790406429689970642,0.698496697,397.338661,171.509642,568.848303,1,0.027380463,0.998962850,0.036376847,-0.000489998,-0.759231567,0.044453640,-0.649301152,1.038318439,-0.650244479,-0.009840548,0.759661190,0.854622503,0.000000000,0.000000000,0.000000000,1.000000000
16,1790406429518461000,RR_calflower,1790406429121122339,1790406429689970642,0.698496697,397.338661,171.509642,568.848303,1,0.025528160,0.998962850,0.037699838,-0.005383245,-0.725831193,0.044453640,-0.686435457,1.118973034,-0.687399078,-0.009840548,0.726213132,0.729538551,0.000000000,0.000000000,0.000000000,1.000000000
16,1790406429518461000,RR_calflower1,1790406429121122339,1790406429689970642,0.698496697,397.338661,171.509642,568.848303,1,0.005234348,0.998962850,0.045227938,-0.007149837,-0.326826984,0.044453640,-0.944038496,1.153582841,-0.945069594,-0.009840548,0.326720782,0.707425628,0.000000000,0.000000000,0.000000000,1.000000000
16,1790406429518461000,RR_foot,1790406429121122339,1790406429689970642,0.698496697,397.338661,171.509642,568.848303,1,0.027380463,0.998962850,0.036376847,-0.008300643,-0.759231567,0.044453640,-0.649301152,1.176187177,-0.650244479,-0.009840548,0.759661190,0.693266516,0.000000000,0.000000000,0.000000000,1.000000000
17,1790406429586460000,FL_hip,1790406429121122339,1790406429689970642,0.818034718,465.337661,103.510642,568.848303,1,0.001740762,0.974398325,0.224821293,0.178737748,-0.198843066,0.220669521,-0.954864959,0.815874485,-0.980029695,-0.043042242,0.194136541,0.338930620,0.000000000,0.000000000,0.000000000,1.000000000
17,1790406429586460000,FL_thigh,1790406429121122339,1790406429689970642,0.818034718,465.337661,103.510642,568.848303,1,0.022656544,0.974390670,0.223716882,0.271781938,-0.291305775,0.220498408,-0.930871683,0.836946060,-0.956361566,-0.044079963,0.288841386,0.334820546,0.000000000,0.000000000,0.000000000,1.000000000
17,1790406429586460000,FL_calf,1790406429121122339,1790406429689970642,0.818034718,465.337661,103.510642,568.848303,1,0.204677530,0.974398385,-0.093030297,0.224518372,-0.791036941,0.220638809,0.570595975,1.033364356,0.576513808,-0.043198052,0.815944601,0.274027436,0.000000000,0.000000000,0.000000000,1.000000000
17,1790406429586460000,FL_calflower,1790406429121122339,1790406429689970642,0.818034718,465.337661,103.510642,568.848303,1,0.209071313,0.974398385,-0.082684420,0.242355099,-0.818566264,0.220638808,0.530347509,0.933122181,0.535013083,-0.043198052,0.843738564,0.164820368,0.000000000,0.000000000,0.000000000,1.000000000
17,1790406429586460000,FL_calflower1,1790406429121122339,1790406429689970642,0.818034718,465.337661,103.510642,568.848303,1,0.223627137,0.974398385,0.023204117,0.243565013,-0.970967555,0.220638809,0.092418693,0.920096133,0.084932990,-0.043198052,0.995449722,0.125729272,0.000000000,0.000000000,0.000000000,1.000000000
17,1790406429586460000,FL_foot,1790406429121122339,1790406429689970642,0.818034718,465.337661,103.510642,568.848303,1,0.204677530,0.974398385,-0.093030297,0.244297397,-0.791036941,0.220638809,0.570595975,0.911857718,0.576513808,-0.043198052,0.815944601,0.100267864,0.000000000,0.000000000,0.000000000,1.000000000
17,1790406429586460000,FR_hip,1790406429121122339,1790406429689970642,0.818034718,465.337661,103.510642,568.848303,1,0.001740762,0.999849300,0.017265199,0.086502213,-0.198843066,0.017266455,-0.979879583,0.804181508,-0.980029695,-0.001727589,0.198843271,0.341139260,0.000000000,0.000000000,0.000000000,1.000000000
17,1790406429586460000,FR_thigh,1790406429121122339,1790406429689970642,0.818034718,465.337661,103.510642,568.848303,1,0.007379034,0.999849338,0.015703248,-0.008946801,-0.514280226,0.017262123,-0.857448867,0.802532647,-0.857590405,-0.001748987,0.514330119,0.341304292,0.000000000,0.000000000,0.000000000,1.000000000
17,1790406429586460000,FR_calf,1790406429121122339,1790406429689970642,0.818034718,465.337661,103.510642,568.848303,1,0.016346490,0.999849750,-0.005745475,-0.012292990,-0.898081095,0.017208059,0.439493939,0.985093644,0.439526800,-0.002024542,0.898227102,0.231767372,0.000000000,0.000000000,0.000000000,1.000000000
17,1790406429586460000,FR_calflower,1790406429121122339,1790406429689970642,0.818034718,465.337661,103.510642,568.848303,1,0.016613215,0.999849750,-0.004921310,-0.011157323,-0.918924269,0.017208059,0.394059339,0.902129240,0.394084862,-0.002024542,0.919071737,0.107645280,0.000000000,0.000000000,0.000000000,1.000000000
17,1790406429586460000,FR_calflower1,1790406429121122339,1790406429689970642,0.818034718,465.337661,103.510642,568.848303,1,0.017008396,0.999849750,0.003306459,-0.011139081,-0.997049558,0.017208059,-0.074811459,0.895557423,-0.074856917,-0.002024542,0.997192147,0.066951315,0.000000000,0.000000000,0.000000000,1.000000000
17,1790406429586460000,FR_foot,1790406429121122339,1790406429689970642,0.818034718,465.337661,103.510642,568.848303,1,0.016346490,0.999849750,-0.005745475,-0.011131377,-0.898081095,0.017208059,0.439493939,0.891525778,0.439526800,-0.002024542,0.898227102,0.040486096,0.000000000,0.000000000,0.000000000,1.000000000
17,1790406429586460000,RL_hip,1790406429121122339,1790406429689970642,0.818034718,465.337661,103.510642,568.848303,1,0.001740762,0.987029396,0.160529378,0.178064421,-0.198843066,0.157665678,-0.967266076,0.892786982,-0.980029695,-0.030236648,0.196538485,0.718006106,0.000000000,0.000000000,0.000000000,1.000000000
17,1790406429586460000,RL_thigh,1790406429121122339,1790406429689970642,0.818034718,465.337661,103.510642,568.848303,1,-0.134237360,0.987029316,0.088052259,0.272321471,0.707791773,0.157689838,-0.688596699,0.907843352,-0.693549961,-0.030113014,-0.719778780,0.715118641,0.000000000,0.000000000,0.000000000,1.000000000
17,1790406429586460000,RL_calf,1790406429121122339,1790406429689970642,0.818034718,465.337661,103.510642,568.848303,1,0.081106066,0.987029458,0.138543840,0.253552197,-0.652419154,0.157659511,-0.741278232,1.054453437,-0.753505883,-0.030266768,0.656743969,0.868380188,0.000000000,0.000000000,0.000000000,1.000000000
17,1790406429586460000,RL_calflower,1790406429121122339,1790406429689970642,0.818034718,465.337661,103.510642,568.848303,1,0.074080398,0.987029458,0.142424310,0.234668397,-0.614555330,0.157659511,-0.772959195,1.151106553,-0.785387715,-0.030266768,0.618263612,0.756115455,0.000000000,0.000000000,0.000000000,1.000000000
17,1790406429586460000,RL_calflower1,1790406429121122339,1790406429689970642,0.818034718,465.337661,103.510642,568.848303,1,-0.000059643,0.987029458,0.160538425,0.228230791,-0.188170998,0.157659511,-0.969399735,1.188167897,-0.982136177,-0.030266768,0.185720994,0.739239507,0.000000000,0.000000000,0.000000000,1.000000000
17,1790406429586460000,RL_foot,1790406429121122339,1790406429689970642,0.818034718,465.337661,103.510642,568.848303,1,0.081106066,0.987029458,0.138543840,0.224041213,-0.652419154,0.157659511,-0.741278232,1.212333767,-0.753505883,-0.030266768,0.656743969,0.728498397,0.000000000,0.000000000,0.000000000,1.000000000
17,1790406429586460000,RR_hip,1790406429121122339,1790406429689970642,0.818034718,465.337661,103.510642,568.848303,1,0.001740762,0.999090409,0.042603586,0.085828886,-0.198843066,0.042098655,-0.979127076,0.881094005,-0.980029695,-0.006767264,0.198735591,0.720214746,0.000000000,0.000000000,0.000000000,1.000000000
17,1790406429586460000,RR_thigh,1790406429121122339,1790406429689970642,0.818034718,465.337661,103.510642,568.848303,1,-0.032850296,0.999090945,0.027163985,-0.009571384,0.654301999,0.042042685,-0.755064235,0.877074240,-0.755519771,-0.007030898,-0.655087991,0.720860909,0.000000000,0.000000000,0.000000000,1.000000000
17,1790406429586460000,RR_calf,1790406429121122339,1790406429689970642,0.818034718,465.337661,103.510642,568.848303,1,0.027096139,0.999091554,0.032887783,-0.015306460,-0.757676619,0.041987264,-0.651278667,1.037803610,-0.652067558,-0.007271431,0.758125887,0.860321111,0.000000000,0.000000000,0.000000000,1.000000000
17,1790406429586460000,RR_calflower,1790406429121122339,1790406429689970642,0.818034718,465.337661,103.510642,568.848303,1,0.025418571,0.999091554,0.034200925,-0.019672407,-0.724179354,0.041987264,-0.688332786,1.118853600,-0.689143145,-0.007271431,0.724588632,0.735322179,0.000000000,0.000000000,0.000000000,1.000000000
17,1790406429586460000,RR_calflower1,1790406429121122339,1790406429689970642,0.818034718,465.337661,103.510642,568.848303,1,0.006752869,0.999091554,0.042073813,-0.021296968,-0.324485664,0.041987264,-0.944958632,1.153553176,-0.945866412,-0.007271431,0.324474484,0.713272447,0.000000000,0.000000000,0.000000000,1.000000000
17,1790406429586460000,RR_foot,1790406429121122339,1790406429689970642,0.818034718,465.337661,103.510642,568.848303,1,0.027096139,0.999091554,0.032887783,-0.022355766,-0.757676619,0.041987264,-0.651278667,1.176215424,-0.652067558,-0.007271431,0.758125887,0.699154846,0.000000000,0.000000000,0.000000000,1.000000000
18,1790406429650461000,FL_hip,1790406429121122339,1790406429689970642,0.930544502,529.338661,39.509642,568.848303,1,0.015079496,0.975498255,0.219489206,0.170907043,-0.199275652,0.218042493,-0.955378135,0.814512942,-0.979827342,-0.029332519,0.197681076,0.349946087,0.000000000,0.000000000,0.000000000,1.000000000
18,1790406429650461000,FL_thigh,1790406429121122339,1790406429689970642,0.930544502,529.338661,39.509642,568.848303,1,0.027253635,0.975499898,0.218304688,0.264062407,-0.254070511,0.217973947,-0.942303682,0.835335000,-0.966801542,-0.029783869,0.253786374,0.347144962,0.000000000,0.000000000,0.000000000,1.000000000
18,1790406429650461000,FL_calf,1790406429121122339,1790406429689970642,0.930544502,529.338661,39.509642,568.848303,1,0.194960755,0.975499175,-0.101938272,0.217723338,-0.794790342,0.218029263,0.566367590,1.035234504,0.574716559,-0.029400185,0.817824144,0.293397077,0.000000000,0.000000000,0.000000000,1.000000000
18,1790406429650461000,FL_calflower,1790406429121122339,1790406429689970642,0.930544502,529.338661,39.509642,568.848303,1,0.199811895,0.975499175,-0.092066899,0.236698357,-0.822103643,0.218029262,0.525936817,0.935527963,0.533124141,-0.029400184,0.845525933,0.183863046,0.000000000,0.000000000,0.000000000,1.000000000
18,1790406429650461000,FL_calflower1,1790406429121122339,1790406429689970642,0.930544502,529.338661,39.509642,568.848303,1,0.219746713,0.975499175,0.010606100,0.238379936,-0.972068427,0.218029262,0.086872944,0.922712488,0.082432138,-0.029400184,0.996162836,0.144714451,0.000000000,0.000000000,0.000000000,1.000000000
18,1790406429650461000,FL_foot,1790406429121122339,1790406429689970642,0.930544502,529.338661,39.509642,568.848303,1,0.194960755,0.975499175,-0.101938272,0.239420222,-0.794790342,0.218029263,0.566367590,0.914611430,0.574716559,-0.029400185,0.817824144,0.119216231,0.000000000,0.000000000,0.000000000,1.000000000
18,1790406429650461000,FR_hip,1790406429121122339,1790406429689970642,0.930544502,529.338661,39.509642,568.848303,1,0.015079496,0.999766881,0.015444726,0.078568676,-0.199275652,0.018141483,-0.979775890,0.803470140,-0.979827342,0.011696500,0.199502873,0.350770897,0.000000000,0.000000000,0.000000000,1.000000000
18,1790406429650461000,FR_thigh,1790406429121122339,1790406429689970642,0.930544502,529.338661,39.509642,568.848303,1,0.019354036,0.999767024,0.009542878,-0.016893174,-0.514259046,0.018139599,-0.857443458,0.801737595,-0.857416445,0.011687212,0.514490304,0.349654132,0.000000000,0.000000000,0.000000000,1.000000000
18,1790406429650461000,FR_calf,1790406429121122339,1790406429689970642,0.930544502,529.338661,39.509642,568.848303,1,0.011294454,0.999768837,-0.018288098,-0.018926655,-0.900657894,0.018116346,0.434151876,0.984340227,0.434382855,0.011567543,0.900653958,0.240074379,0.000000000,0.000000000,0.000000000,1.000000000
18,1790406429650461000,FR_calflower,1790406429121122339,1790406429689970642,0.930544502,529.338661,39.509642,568.848303,1,0.012194363,0.999768837,-0.017700755,-0.016012262,-0.921230856,0.018116346,0.388595165,0.902091028,0.388826053,0.011567543,0.921238469,0.115475867,0.000000000,0.000000000,0.000000000,1.000000000
18,1790406429650461000,FR_calflower1,1790406429121122339,1790406429689970642,0.930544502,529.338661,39.509642,568.848303,1,0.018990178,0.999768837,-0.010069377,-0.015431651,-0.996572247,0.018116346,-0.080723286,0.895760117,-0.080522006,0.011567543,0.996685619,0.074742224,0.000000000,0.000000000,0.000000000,1.000000000
18,1790406429650461000,FR_foot,1790406429121122339,1790406429689970642,0.930544502,529.338661,39.509642,568.848303,1,0.011294454,0.999768837,-0.018288098,-0.015058457,-0.900657894,0.018116346,0.434151876,0.891885219,0.434382855,0.011567543,0.900653958,0.048252570,0.000000000,0.000000000,0.000000000,1.000000000
18,1790406429650461000,RL_hip,1790406429121122339,1790406429689970642,0.930544502,529.338661,39.509642,568.848303,1,0.015079496,0.988872388,0.147999175,0.165074294,-0.199275652,0.148018829,-0.968700333,0.891592764,-0.979827342,-0.014885400,0.199290314,0.728943303,0.000000000,0.000000000,0.000000000,1.000000000
18,1790406429650461000,RL_thigh,1790406429121122339,1790406429689970642,0.930544502,529.338661,39.509642,568.848303,1,-0.117244141,0.988871642,0.091577478,0.259509755,0.714068317,0.148029206,-0.684247387,0.905728272,-0.690188864,-0.014831702,-0.723477144,0.727521778,0.000000000,0.000000000,0.000000000,1.000000000
18,1790406429650461000,RL_calf,1790406429121122339,1790406429689970642,0.930544502,529.338661,39.509642,568.848303,1,0.086716607,0.988872594,0.120875844,0.239997731,-0.654902272,0.148016138,-0.741076872,1.051446572,-0.750721858,-0.014898473,0.660450265,0.881599974,0.000000000,0.000000000,0.000000000,1.000000000
18,1790406429650461000,RL_calflower,1790406429121122339,1790406429689970642,0.930544502,529.338661,39.509642,568.848303,1,0.080566960,0.988872594,0.125058805,0.223841767,-0.617045409,0.148016138,-0.772882191,1.148024576,-0.782792407,-0.014898473,0.622104419,0.768840407,0.000000000,0.000000000,0.000000000,1.000000000
18,1790406429650461000,RL_calflower1,1790406429121122339,1790406429689970642,0.930544502,529.338661,39.509642,568.848303,1,0.013712933,0.988872594,0.148130669,0.218033805,-0.190415244,0.148016138,-0.970481299,1.185109199,-0.981607756,-0.014898473,0.190326229,0.751784469,0.000000000,0.000000000,0.000000000,1.000000000
18,1790406429650461000,RL_foot,1790406429121122339,1790406429689970642,0.930544502,529.338661,39.509642,568.848303,1,0.086716607,0.988872594,0.120875844,0.214250607,-0.654902272,0.148016138,-0.741076872,1.209290771,-0.750721858,-0.014898473,0.660450265,0.740926094,0.000000000,0.000000000,0.000000000,1.000000000
18,1790406429650461000,RR_hip,1790406429121122339,1790406429689970642,0.930544502,529.338661,39.509642,568.848303,1,0.015079496,0.999496072,0.027927745,0.072735927,-0.199275652,0.030374661,-0.979472965,0.880549962,-0.979827342,0.009204369,0.199633374,0.729768113,0.000000000,0.000000000,0.000000000,1.000000000
18,1790406429650461000,RR_thigh,1790406429121122339,1790406429689970642,0.930544502,529.338661,39.509642,568.848303,1,-0.012714725,0.999497869,0.029018835,-0.022710360,0.647056881,0.030349945,-0.761837889,0.877649418,-0.762335945,0.009090008,-0.647117535,0.728889133,0.000000000,0.000000000,0.000000000,1.000000000
18,1790406429650461000,RR_calf,1790406429121122339,1790406429689970642,0.930544502,529.338661,39.509642,568.848303,1,0.029092813,0.999499572,0.012408082,-0.028869173,-0.770025403,0.030324867,-0.637292692,1.039877466,-0.637349718,0.008985829,0.770522171,0.866693735,0.000000000,0.000000000,0.000000000,1.000000000
18,1790406429650461000,RR_calflower,1790406429121122339,1790406429689970642,0.930544502,529.338661,39.509642,568.848303,1,0.028436309,0.999499572,0.013846610,-0.030143645,-0.737211713,0.030324867,-0.674981472,1.118716494,-0.675063255,0.008985829,0.737705010,0.740016077,0.000000000,0.000000000,0.000000000,1.000000000
18,1790406429650461000,RR_calflower1,1790406429121122339,1790406429689970642,0.930544502,529.338661,39.509642,568.848303,1,0.018828785,0.999499572,0.025413168,-0.030983459,-0.342210659,0.030324867,-0.939134155,1.153055208,-0.939434491,0.008985829,0.342610445,0.717277101,0.000000000,0.000000000,0.000000000,1.000000000
18,1790406429650461000,RR_foot,1790406429121122339,1790406429689970642,0.930544502,529.338661,39.509642,568.848303,1,0.029092813,0.999499572,0.012408082,-0.031534586,-0.770025403,0.030324867,-0.637292692,1.175487047,-0.637349718,0.008985829,0.770522171,0.702709621,0.000000000,0.000000000,0.000000000,1.000000000
19,1790406429718457000,FL_hip,1790406429689970642,1790406429762636708,0.392017341,28.486358,44.179708,72.666066,0,0.018546493,0.973981108,0.225868496,0.168346674,-0.198273021,0.225003662,-0.953971622,0.819975597,-0.979971241,-0.027091089,0.197287257,0.344023168,0.000000000,0.000000000,0.000000000,1.000000000
19,1790406429718457000,FL_thigh,1790406429689970642,1790406429762636708,0.392017341,28.486358,44.179708,72.666066,0,0.036174909,0.973976715,0.223741999,0.261358151,-0.271299301,0.225051768,-0.935814664,0.841462583,-0.961814887,-0.026848325,0.272380454,0.341436074,0.000000000,0.000000000,0.000000000,1.000000000
19,1790406429718457000,FL_calf,1790406429689970642,1790406429762636708,0.392017341,28.486358,44.179708,72.666066,0,0.193197381,0.973975525,-0.118516655,0.213780900,-0.762618299,0.225065256,0.606431905,1.040479756,0.617323709,-0.026778373,0.786253254,0.283511910,0.000000000,0.000000000,0.000000000,1.000000000
19,1790406429718457000,FL_calflower,1790406429689970642,1790406429762636708,0.392017341,28.486358,44.179708,72.666066,0,0.198879299,0.973975525,-0.108712696,0.235167033,-0.791974187,0.225065256,0.567558994,0.935756630,0.577255931,-0.026778373,0.816123968,0.179752293,0.000000000,0.000000000,0.000000000,1.000000000
19,1790406429718457000,FL_calflower1,1790406429689970642,1790406429762636708,0.392017341,28.486358,44.179708,72.666066,0,0.226606187,0.973975525,-0.004589291,0.237532996,-0.964564007,0.225065256,0.137704758,0.921015730,0.135154026,-0.026778373,0.990462584,0.141431455,0.000000000,0.000000000,0.000000000,1.000000000
19,1790406429718457000,FL_foot,1790406429689970642,1790406429762636708,0.392017341,28.486358,44.179708,72.666066,0,0.193197381,0.973975525,-0.118516655,0.239017122,-0.762618299,0.225065256,0.606431905,0.911659178,0.617323709,-0.026778373,0.786253254,0.116459049,0.000000000,0.000000000,0.000000000,1.000000000
19,1790406429718457000,FR_hip,1790406429689970642,1790406429762636708,0.392017341,28.486358,44.179708,72.666066,0,0.018546493,0.999609362,0.020902155,0.075977206,-0.198273021,0.024167581,-0.979849188,0.809173386,-0.979971241,0.014028162,0.198643901,0.344460612,0.000000000,0.000000000,0.000000000,1.000000000
19,1790406429718457000,FR_thigh,1790406429689970642,1790406429762636708,0.392017341,28.486358,44.179708,72.666066,0,0.024386448,0.999609562,0.013629821,-0.019484394,-0.509975113,0.024165430,-0.859850051,0.806865410,-0.859843352,0.014017548,0.510365301,0.343120938,0.000000000,0.000000000,0.000000000,1.000000000
19,1790406429718457000,FR_calf,1790406429689970642,1790406429762636708,0.392017341,28.486358,44.179708,72.666066,0,0.015685556,0.999609122,-0.023136885,-0.022388222,-0.900801148,0.024170141,0.433559442,0.990009317,0.433949218,0.014040840,0.900827815,0.234414688,0.000000000,0.000000000,0.000000000,1.000000000
19,1790406429718457000,FR_calflower,1790406429689970642,1790406429762636708,0.392017341,28.486358,44.179708,72.666066,0,0.016822316,0.999609122,-0.022324018,-0.018648530,-0.921344322,0.024170141,0.387996313,0.907828372,0.388384269,0.014040840,0.921390436,0.109772871,0.000000000,0.000000000,0.000000000,1.000000000
19,1790406429718457000,FR_calflower1,1790406429689970642,1790406429762636708,0.392017341,28.486358,44.179708,72.666066,0,0.025230076,0.999609122,-0.012033096,-0.017923270,-0.996396353,0.024170141,-0.081306862,0.901522047,-0.080984041,0.014040840,0.996616407,0.069034017,0.000000000,0.000000000,0.000000000,1.000000000
19,1790406429718457000,FR_foot,1790406429689970642,1790406429762636708,0.392017341,28.486358,44.179708,72.666066,0,0.015685556,0.999609122,-0.023136885,-0.017457482,-0.900801148,0.024170141,0.433559442,0.897663165,0.433949218,0.014040840,0.900827815,0.042541079,0.000000000,0.000000000,0.000000000,1.000000000
19,1790406429718457000,RL_hip,1790406429689970642,1790406429762636708,0.392017341,28.486358,44.179708,72.666066,0,0.018546493,0.988516068,0.149972529,0.161172890,-0.198273021,0.150655627,-0.968499553,0.896667602,-0.979971241,-0.011773519,0.198790274,0.723076044,0.000000000,0.000000000,0.000000000,1.000000000
19,1790406429718457000,RL_thigh,1790406429689970642,1790406429762636708,0.392017341,28.486358,44.179708,72.666066,0,-0.116165792,0.988514648,0.096664619,0.255572500,0.708059447,0.150670842,-0.689891884,0.911054649,-0.696532653,-0.011697823,-0.717429611,0.721951718,0.000000000,0.000000000,0.000000000,1.000000000
19,1790406429718457000,RL_calf,1790406429689970642,1790406429762636708,0.392017341,28.486358,44.179708,72.666066,0,0.094863163,0.988512836,0.117656714,0.234973156,-0.678372276,0.150690346,-0.719099554,1.057972600,-0.728568547,-0.011599277,0.684874552,0.874741938,0.000000000,0.000000000,0.000000000,1.000000000
19,1790406429718457000,RL_calflower,1790406429689970642,1790406429762636708,0.392017341,28.486358,44.179708,72.666066,0,0.088864224,0.988512836,0.122250855,0.219487364,-0.641584489,0.150690346,-0.752105349,1.150755462,-0.761887487,-0.011599277,0.647605386,0.758904225,0.000000000,0.000000000,0.000000000,1.000000000
19,1790406429718457000,RL_calflower1,1790406429689970642,1790406429762636708,0.392017341,28.486358,44.179708,72.666066,0,0.022369216,0.988512836,0.149471536,0.213715555,-0.221775597,0.150690346,-0.963383983,1.187224824,-0.974841014,-0.011599277,0.222598914,0.740634164,0.000000000,0.000000000,0.000000000,1.000000000
19,1790406429718457000,RL_foot,1790406429689970642,1790406429762636708,0.392017341,28.486358,44.179708,72.666066,0,0.094863163,0.988512836,0.117656714,0.209953713,-0.678372276,0.150690346,-0.719099554,1.211013652,-0.728568547,-0.011599277,0.684874552,0.728983779,0.000000000,0.000000000,0.000000000,1.000000000
19,1790406429718457000,RR_hip,1790406429689970642,1790406429762636708,0.392017341,28.486358,44.179708,72.666066,0,0.018546493,0.999102478,0.038079064,0.068803422,-0.198273021,0.041004395,-0.979289101,0.885865391,-0.979971241,0.010612055,0.198855659,0.723513488,0.000000000,0.000000000,0.000000000,1.000000000
19,1790406429718457000,RR_thigh,1790406429689970642,1790406429762636708,0.392017341,28.486358,44.179708,72.666066,0,-0.019472010,0.999108759,0.037446983,-0.026590757,0.663131171,0.040936147,-0.747383420,0.881950356,-0.748250138,0.010278932,-0.663336940,0.722500238,0.000000000,0.000000000,0.000000000,1.000000000
19,1790406429718457000,RR_calf,1790406429689970642,1790406429762636708,0.392017341,28.486358,44.179708,72.666066,0,0.037790286,0.999108791,0.018795370,-0.034503172,-0.759207437,0.040935793,-0.649560638,1.041032491,-0.649750819,0.010277225,0.760077676,0.863719043,0.000000000,0.000000000,0.000000000,1.000000000
19,1790406429718457000,RR_calflower,1790406429689970642,1790406429762636708,0.392017341,28.486358,44.179708,72.666066,0,0.036803682,0.999108791,0.020660608,-0.036563085,-0.725794124,0.040935793,-0.686693414,1.121914859,-0.686926851,0.010277225,0.726653771,0.738305945,0.000000000,0.000000000,0.000000000,1.000000000
19,1790406429718457000,RR_calflower1,1790406429689970642,1790406429762636708,0.392017341,28.486358,44.179708,72.666066,0,0.023104040,0.999108791,0.035321028,-0.037761455,-0.326674985,0.040935793,-0.944250184,1.156613063,-0.944854208,0.010277225,0.327329690,0.716122856,0.000000000,0.000000000,0.000000000,1.000000000
19,1790406429718457000,RR_foot,1790406429689970642,1790406429762636708,0.392017341,28.486358,44.179708,72.666066,0,0.037790286,0.999108791,0.018795370,-0.038546955,-0.759207437,0.040935793,-0.649560638,1.179275048,-0.649750819,0.010277225,0.760077676,0.701918555,0.000000000,0.000000000,0.000000000,1.000000000
20,1790406429786461000,FL_hip,1790406429762636708,1790406429821265422,0.406358768,23.824292,34.804422,58.628714,0,0.024512624,0.970598391,0.239452806,0.177537011,-0.232254885,0.238500091,-0.942961322,0.825431467,-0.972345924,-0.032499919,0.231272551,0.331696606,0.000000000,0.000000000,0.000000000,1.000000000
20,1790406429786461000,FL_thigh,1790406429762636708,1790406429821265422,0.406358768,23.824292,34.804422,58.628714,0,0.076760374,0.970606032,0.228104202,0.270226825,-0.435934911,0.238424528,-0.867822089,0.848207654,-0.896698649,-0.032824528,0.441422605,0.328592941,0.000000000,0.000000000,0.000000000,1.000000000
20,1790406429786461000,FL_calf,1790406429762636708,1790406429821265422,0.406358768,23.824292,34.804422,58.628714,0,0.199166535,0.970591496,-0.135220527,0.221837829,-0.720546697,0.238563386,0.651076530,1.032234861,0.664187914,-0.032240244,0.746870012,0.234996094,0.000000000,0.000000000,0.000000000,1.000000000
20,1790406429786461000,FL_calflower,1790406429762636708,1790406429821265422,0.406358768,23.824292,34.804422,58.628714,0,0.205675838,0.970591496,-0.125097359,0.245797843,-0.752186466,0.238563387,0.614250528,0.921786164,0.626029909,-0.032240244,0.779132180,0.138020508,0.000000000,0.000000000,0.000000000,1.000000000
20,1790406429786461000,FL_calflower1,1790406429762636708,1790406429821265422,0.406358768,23.824292,34.804422,58.628714,0,0.240200779,0.970591496,-0.015983903,0.248747369,-0.950833679,0.238563387,0.197493054,0.904788149,0.195498335,-0.032240244,0.980173863,0.100701173,0.000000000,0.000000000,0.000000000,1.000000000
20,1790406429786461000,FL_foot,1790406429762636708,1790406429821265422,0.406358768,23.824292,34.804422,58.628714,0,0.199166535,0.970591496,-0.135220527,0.250607958,-0.720546697,0.238563386,0.651076530,0.893959224,0.664187914,-0.032240244,0.746870012,0.076365731,0.000000000,0.000000000,0.000000000,1.000000000
20,1790406429786461000,FR_hip,1790406429762636708,1790406429821265422,0.406358768,23.824292,34.804422,58.628714,0,0.024512624,0.998342676,0.052065185,0.085276134,-0.232254885,0.056342892,-0.971022053,0.813739152,-0.972345924,0.011709632,0.233251200,0.332163586,0.000000000,0.000000000,0.000000000,1.000000000
20,1790406429786461000,FR_thigh,1790406429762636708,1790406429821265422,0.406358768,23.824292,34.804422,58.628714,0,0.039528967,0.998345655,0.041751248,-0.010046637,-0.525881645,0.056314559,-0.848691844,0.808359522,-0.849638661,0.011591424,0.527237724,0.331045528,0.000000000,0.000000000,0.000000000,1.000000000
20,1790406429786461000,FR_calf,1790406429762636708,1790406429821265422,0.406358768,23.824292,34.804422,58.628714,0,0.044279815,0.998343459,-0.036734017,-0.018944830,-0.881972448,0.056335471,0.467922639,0.989077908,0.469216971,0.011678591,0.883005594,0.218761546,0.000000000,0.000000000,0.000000000,1.000000000
20,1790406429786461000,FR_calflower,1790406429762636708,1790406429821265422,0.406358768,23.824292,34.804422,58.628714,0,0.046060412,0.998343459,-0.034475041,-0.012627650,-0.904256596,0.056335470,0.423257608,0.902196966,0.424498686,0.011678591,0.905353141,0.097459016,0.000000000,0.000000000,0.000000000,1.000000000
20,1790406429786461000,FR_calflower1,1790406429762636708,1790406429821265422,0.406358768,23.824292,34.804422,58.628714,0,0.056775207,0.998343459,-0.009309447,-0.011710551,-0.997522559,0.056335471,-0.042139516,0.894308852,-0.041545048,0.011678591,0.999068292,0.057000177,0.000000000,0.000000000,0.000000000,1.000000000
20,1790406429786461000,FR_foot,1790406429762636708,1790406429821265422,0.406358768,23.824292,34.804422,58.628714,0,0.044279815,0.998343459,-0.036734017,-0.011127674,-0.881972448,0.056335471,0.467922639,0.889420777,0.469216971,0.011678591,0.883005594,0.030679777,0.000000000,0.000000000,0.000000000,1.000000000
20,1790406429786461000,RL_hip,1790406429762636708,1790406429821265422,0.406358768,23.824292,34.804422,58.628714,0,0.024512624,0.981257879,0.191133091,0.168055528,-0.232254885,0.191549060,-0.953607522,0.915267656,-0.972345924,-0.021016459,0.232597390,0.707800010,0.000000000,0.000000000,0.000000000,1.000000000
20,1790406429786461000,RL_thigh,1790406429762636708,1790406429821265422,0.406358768,23.824292,34.804422,58.628714,0,-0.145187152,0.981258736,0.126695448,0.261732294,0.663088277,0.191540940,-0.723620539,0.933553965,-0.734326225,-0.021050426,-0.678470124,0.705793680,0.000000000,0.000000000,0.000000000,1.000000000
20,1790406429786461000,RL_calf,1790406429762636708,1790406429821265422,0.406358768,23.824292,34.804422,58.628714,0,0.131270824,0.981251609,0.141113438,0.234760525,-0.743341468,0.191608421,-0.640882481,1.087645611,-0.655905168,-0.020766586,0.754557482,0.850317004,0.000000000,0.000000000,0.000000000,1.000000000
20,1790406429786461000,RL_calflower,1790406429762636708,1790406429821265422,0.406358768,23.824292,34.804422,58.628714,0,0.124054037,0.981251609,0.147497890,0.216537968,-0.710381711,0.191608421,-0.677233134,1.167582972,-0.692797613,-0.020766587,0.720832886,0.725555896,0.000000000,0.000000000,0.000000000,1.000000000
20,1790406429786461000,RL_calflower1,1790406429762636708,1790406429821265422,0.406358768,23.824292,34.804422,58.628714,0,0.041923847,0.981251609,0.188115450,0.209404915,-0.317372813,0.191608421,-0.928741832,1.201757216,-0.947373581,-0.020766587,0.319455600,0.703657769,0.000000000,0.000000000,0.000000000,1.000000000
20,1790406429786461000,RL_foot,1790406429762636708,1790406429821265422,0.406358768,23.824292,34.804422,58.628714,0,0.131270824,0.981251609,0.141113438,0.204752342,-0.743341468,0.191608421,-0.640882481,1.224075929,-0.655905168,-0.020766586,0.754557482,0.689639629,0.000000000,0.000000000,0.000000000,1.000000000
20,1790406429786461000,RR_hip,1790406429762636708,1790406429821265422,0.406358768,23.824292,34.804422,58.628714,0,0.024512624,0.994682257,0.100030447,0.075794651,-0.232254885,0.102988935,-0.967187483,0.903575341,-0.972345924,0.000475465,0.233544453,0.708266990,0.000000000,0.000000000,0.000000000,1.000000000
20,1790406429786461000,RR_thigh,1790406429762636708,1790406429821265422,0.406358768,23.824292,34.804422,58.628714,0,-0.070323950,0.994693167,0.075098590,-0.019143791,0.680194662,0.102884607,-0.725775902,0.893745685,-0.729650728,0.000041954,-0.683819894,0.708221555,0.000000000,0.000000000,0.000000000,1.000000000
20,1790406429786461000,RR_calf,1790406429762636708,1790406429821265422,0.406358768,23.824292,34.804422,58.628714,0,0.073560292,0.994708917,0.071713352,-0.035048047,-0.716223365,0.102730549,-0.690268937,1.048226834,-0.693983478,-0.000586672,0.719990571,0.853839242,0.000000000,0.000000000,0.000000000,1.000000000
20,1790406429786461000,RR_calflower,1790406429762636708,1790406429821265422,0.406358768,23.824292,34.804422,58.628714,0,0.069884188,0.994708917,0.075300212,-0.044266383,-0.680829204,0.102730549,-0.725202529,1.135800880,-0.729100710,-0.000586672,0.684406052,0.733669057,0.000000000,0.000000000,0.000000000,1.000000000
20,1790406429786461000,RR_calflower1,1790406429762636708,1790406429821265422,0.406358768,23.824292,34.804422,58.628714,0,0.027214850,0.994708917,0.099061968,-0.047978212,-0.269008622,0.102730549,-0.957643710,1.171518409,-0.962753090,-0.000586672,0.270381169,0.713630926,0.000000000,0.000000000,0.000000000,1.000000000
20,1790406429786461000,RR_foot,1790406429762636708,1790406429821265422,0.406358768,23.824292,34.804422,58.628714,0,0.073560292,0.994708917,0.071713352,-0.050400291,-0.716223365,0.102730549,-0.690268937,1.194829513,-0.693983478,-0.000586672,0.719990571,0.700826598,0.000000000,0.000000000,0.000000000,1.000000000
21,1790406429850456000,FL_hip,1790406429821265422,1790406429890541286,0.421367217,29.190578,40.085286,69.275864,0,0.031425962,0.971940669,0.233116925,0.192607990,-0.194063166,0.234727114,-0.952493236,0.817160436,-0.980485438,-0.015306685,0.195994455,0.343826985,0.000000000,0.000000000,0.000000000,1.000000000
21,1790406429850456000,FL_thigh,1790406429821265422,1790406429890541286,0.421367217,29.190578,40.085286,69.275864,0,0.111277257,0.971936023,0.207261900,0.285421300,-0.515576028,0.234755828,-0.824058102,0.839575169,-0.849587360,-0.015160635,0.527229824,0.342365310,0.000000000,0.000000000,0.000000000,1.000000000
21,1790406429850456000,FL_calf,1790406429821265422,1790406429890541286,0.421367217,29.190578,40.085286,69.275864,0,0.204507267,0.971945019,-0.116186981,0.241301949,-0.810830603,0.234700275,0.536162484,1.015036525,0.548389489,-0.015441457,0.836080346,0.230101146,0.000000000,0.000000000,0.000000000,1.000000000
21,1790406429850456000,FL_calflower,1790406429821265422,1790406429890541286,0.421367217,29.190578,40.085286,69.275864,0,0.210058615,0.971945019,-0.105820674,0.262563773,-0.836614232,0.234700274,0.494967780,0.919492727,0.505917543,-0.015441457,0.862443515,0.117356442,0.000000000,0.000000000,0.000000000,1.000000000
21,1790406429850456000,FL_calflower1,1790406429821265422,1790406429890541286,0.421367217,29.190578,40.085286,69.275864,0,0.235186708,0.971945019,0.003138294,0.264689936,-0.970638390,0.234700274,0.052702878,0.908061908,0.050487837,-0.015441457,0.998605205,0.077809444,0.000000000,0.000000000,0.000000000,1.000000000
21,1790406429850456000,FL_foot,1790406429821265422,1790406429890541286,0.421367217,29.190578,40.085286,69.275864,0,0.204507267,0.971945019,-0.116186981,0.266015772,-0.810830603,0.234700275,0.536162484,0.900861591,0.548389489,-0.015441457,0.836080346,0.052059810,0.000000000,0.000000000,0.000000000,1.000000000
21,1790406429850456000,FR_hip,1790406429821265422,1790406429890541286,0.421367217,29.190578,40.085286,69.275864,0,0.031425962,0.997276957,0.066714593,0.100271802,-0.194063166,0.071565332,-0.978375483,0.806095435,-0.980485438,0.017799265,0.195783828,0.343057551,0.000000000,0.000000000,0.000000000,1.000000000
21,1790406429850456000,FR_thigh,1790406429821265422,1790406429890541286,0.421367217,29.190578,40.085286,69.275864,0,0.049224850,0.997276635,0.054917979,0.005031919,-0.466115608,0.071567325,-0.881824843,0.799260951,-0.883353293,0.017809288,0.468369090,0.341357722,0.000000000,0.000000000,0.000000000,1.000000000
21,1790406429850456000,FR_calf,1790406429821265422,1790406429890541286,0.421367217,29.190578,40.085286,69.275864,0,0.057074108,0.997276879,-0.046702574,-0.006663232,-0.901858971,0.071565816,0.426062701,0.987061372,0.428244798,0.017801706,0.903487303,0.241610044,0.000000000,0.000000000,0.000000000,1.000000000
21,1790406429850456000,FR_calflower,1790406429821265422,1790406429890541286,0.421367217,29.190578,40.085286,69.275864,0,0.059336936,0.997276879,-0.043791691,0.001390501,-0.922026142,0.071565815,0.380456072,0.905967696,0.382554059,0.017801706,0.923761499,0.116459930,0.000000000,0.000000000,0.000000000,1.000000000
21,1790406429850456000,FR_calflower1,1790406429821265422,1790406429890541286,0.421367217,29.190578,40.085286,69.275864,0,0.072853652,0.997276879,-0.011442446,0.002548891,-0.993519198,0.071565815,-0.088309868,0.899969773,-0.087250315,0.017801706,0.996027257,0.075684294,0.000000000,0.000000000,0.000000000,1.000000000
21,1790406429850456000,FR_foot,1790406429821265422,1790406429890541286,0.421367217,29.190578,40.085286,69.275864,0,0.057074108,0.997276879,-0.046702574,0.003284838,-0.901858971,0.071565816,0.426062701,0.896310894,0.428244798,0.017801706,0.903487303,0.049168961,0.000000000,0.000000000,0.000000000,1.000000000
21,1790406429850456000,RL_hip,1790406429821265422,1790406429890541286,0.421367217,29.190578,40.085286,69.275864,0,0.031425962,0.976152777,0.214797399,0.180452428,-0.194063166,0.216773031,-0.956739064,0.892224069,-0.980485438,-0.011618109,0.196247651,0.723078753,0.000000000,0.000000000,0.000000000,1.000000000
21,1790406429850456000,RL_thigh,1790406429821265422,1790406429890541286,0.421367217,29.190578,40.085286,69.275864,0,-0.158063128,0.976152601,0.148801558,0.273675010,0.673069470,0.216774117,-0.707097706,0.912925891,-0.722491440,-0.011612581,-0.691282202,0.721969224,0.000000000,0.000000000,0.000000000,1.000000000
21,1790406429850456000,RL_calf,1790406429821265422,1790406429890541286,0.421367217,29.190578,40.085286,69.275864,0,0.151145616,0.976152922,0.155821153,0.241990848,-0.717107320,0.216772132,-0.662395372,1.063482740,-0.680376557,-0.011622624,0.732770408,0.869159134,0.000000000,0.000000000,0.000000000,1.000000000
21,1790406429850456000,RL_calflower,1790406429821265422,1790406429890541286,0.421367217,29.190578,40.085286,69.275864,0,0.143168911,0.976152922,0.163180549,0.221956638,-0.683105153,0.216772132,-0.697407979,1.147154667,-0.716149520,-0.011622624,0.697849980,0.747131091,0.000000000,0.000000000,0.000000000,1.000000000
21,1790406429850456000,RL_calflower1,1790406429821265422,1790406429890541286,0.421367217,29.190578,40.085286,69.275864,0,0.051636718,0.976152922,0.210852740,0.213999598,-0.283862321,0.216772132,-0.934041070,1.181873603,-0.957473577,-0.011622624,0.288286455,0.726383593,0.000000000,0.000000000,0.000000000,1.000000000
21,1790406429850456000,RL_foot,1790406429821265422,1790406429890541286,0.421367217,29.190578,40.085286,69.275864,0,0.151145616,0.976152922,0.155821153,0.208808443,-0.717107320,0.216772132,-0.662395372,1.204538571,-0.680376557,-0.011622624,0.732770408,0.713116752,0.000000000,0.000000000,0.000000000,1.000000000
21,1790406429850456000,RR_hip,1790406429821265422,1790406429890541286,0.421367217,29.190578,40.085286,69.275864,0,0.031425962,0.993625963,0.108257157,0.088116240,-0.194063166,0.112315213,-0.974538596,0.881159068,-0.980485438,0.009616802,0.196355897,0.722309319,0.000000000,0.000000000,0.000000000,1.000000000
21,1790406429850456000,RR_thigh,1790406429821265422,1790406429890541286,0.421367217,29.190578,40.085286,69.275864,0,-0.074932914,0.993632323,0.084140485,-0.006737628,0.720936849,0.112275853,-0.683845661,0.870437083,-0.688937988,0.009417144,-0.724758982,0.721391298,0.000000000,0.000000000,0.000000000,1.000000000
21,1790406429850456000,RR_calf,1790406429821265422,1790406429890541286,0.421367217,29.190578,40.085286,69.275864,0,0.078351612,0.993623729,0.081071991,-0.024616571,-0.626176428,0.112328999,-0.771547777,1.016041070,-0.775734576,0.009686358,0.630984831,0.875757915,0.000000000,0.000000000,0.000000000,1.000000000
21,1790406429850456000,RR_calflower,1790406429821265422,1790406429890541286,0.421367217,29.190578,40.085286,69.275864,0,0.074201782,0.993623729,0.084886621,-0.035036911,-0.586832554,0.112328999,-0.801879321,1.117659244,-0.806301208,0.009686358,0.591425695,0.766868347,0.000000000,0.000000000,0.000000000,1.000000000
21,1790406429850456000,RR_calflower1,1790406429821265422,1790406429890541286,0.421367217,29.190578,40.085286,69.275864,0,0.026617730,0.993623729,0.109558839,-0.039172115,-0.150226324,0.112328999,-0.982249939,1.155586761,-0.988293147,0.009686357,0.152258482,0.751277673,0.000000000,0.000000000,0.000000000,1.000000000
21,1790406429850456000,RR_foot,1790406429821265422,1790406429890541286,0.421367217,29.190578,40.085286,69.275864,0,0.078351612,0.993623729,0.081071991,-0.041869879,-0.626176428,0.112328999,-0.771547777,1.180306997,-0.775734576,0.009686358,0.630984831,0.741374537,0.000000000,0.000000000,0.000000000,1.000000000
22,1790406429918457000,FL_hip,1790406429890541286,1790406429958737990,0.409341102,27.915714,40.280990,68.196704,0,0.011938891,0.962930684,0.269484153,0.193878417,-0.185323136,0.266965112,-0.945719651,0.809781457,-0.982605005,-0.038651087,0.181640641,0.344733965,0.000000000,0.000000000,0.000000000,1.000000000
22,1790406429918457000,FL_thigh,1790406429890541286,1790406429958737990,0.409341102,27.915714,40.280990,68.196704,0,0.112840766,0.962930730,0.245012485,0.285835666,-0.528813281,0.266964392,-0.805659494,0.835275898,-0.841203572,-0.038654904,0.539334937,0.341042891,0.000000000,0.000000000,0.000000000,1.000000000
22,1790406429918457000,FL_calf,1790406429890541286,1790406429958737990,0.409341102,27.915714,40.280990,68.196704,0,0.248842526,0.962930405,-0.104125786,0.233649249,-0.823867385,0.266969403,0.499970562,1.006875862,0.509235178,-0.038628381,0.859759970,0.226165646,0.000000000,0.000000000,0.000000000,1.000000000
22,1790406429918457000,FL_calflower,1790406429890541286,1790406429958737990,0.409341102,27.915714,40.280990,68.196704,0,0.253735658,0.962930405,-0.091558713,0.254038742,-0.847825879,0.266969403,0.458169521,0.916407255,0.465628677,-0.038628381,0.884136646,0.109107581,0.000000000,0.000000000,0.000000000,1.000000000
22,1790406429918457000,FL_calflower1,1790406429890541286,1790406429958737990,0.409341102,27.915714,40.280990,68.196704,0,0.267342147,0.962930405,0.035957729,0.255164611,-0.963590394,0.266969402,0.014885704,0.906559232,0.004734381,-0.038628381,0.999242342,0.069086527,0.000000000,0.000000000,0.000000000,1.000000000
22,1790406429918457000,FL_foot,1790406429890541286,1790406429958737990,0.409341102,27.915714,40.280990,68.196704,0,0.248842526,0.962930405,-0.104125786,0.255831519,-0.823867385,0.266969403,0.499970562,0.900387329,0.509235178,-0.038628381,0.859759970,0.043039635,0.000000000,0.000000000,0.000000000,1.000000000
22,1790406429918457000,FR_hip,1790406429890541286,1790406429958737990,0.409341102,27.915714,40.280990,68.196704,0,0.011938891,0.998878919,0.045805201,0.101857156,-0.185323136,0.047225137,-0.981542569,0.796398320,-0.982605005,0.003229500,0.185679292,0.346140021,0.000000000,0.000000000,0.000000000,1.000000000
22,1790406429918457000,FR_thigh,1790406429890541286,1790406429958737990,0.409341102,27.915714,40.280990,68.196704,0,0.023477710,0.998862794,0.041492938,0.006629083,-0.407988858,0.047463804,-0.911752692,0.791894941,-0.912684908,0.004476943,0.408639255,0.345832358,0.000000000,0.000000000,0.000000000,1.000000000
22,1790406429918457000,FR_calf,1790406429890541286,1790406429958737990,0.409341102,27.915714,40.280990,68.196704,0,0.040055327,0.998921766,-0.023465365,-0.002127703,-0.846515898,0.046401964,0.530337991,0.985567496,0.530854976,-0.001379322,0.847461455,0.258940082,0.000000000,0.000000000,0.000000000,1.000000000
22,1790406429918457000,FR_calflower,1790406429890541286,1790406429958737990,0.409341102,27.915714,40.280990,68.196704,0,0.041178047,0.998921766,-0.021434108,0.001493735,-0.871963826,0.046401964,0.487367045,0.891480847,0.487836126,-0.001379322,0.872934039,0.145527979,0.000000000,0.000000000,0.000000000,1.000000000
22,1790406429918457000,FR_calflower1,1790406429890541286,1790406429958737990,0.409341102,27.915714,40.280990,68.196704,0,0.046422543,0.998921766,0.000003220,0.001741965,-0.998483439,0.046401963,0.029637358,0.880850893,0.029605406,-0.001379322,0.999560625,0.106228054,0.000000000,0.000000000,0.000000000,1.000000000
22,1790406429918457000,FR_foot,1790406429890541286,1790406429958737990,0.409341102,27.915714,40.280990,68.196704,0,0.040055327,0.998921766,-0.023465365,0.001892369,-0.846515898,0.046401964,0.530337991,0.874175212,0.530854976,-0.001379322,0.847461455,0.080644574,0.000000000,0.000000000,0.000000000,1.000000000
22,1790406429918457000,RL_hip,1790406429890541286,1790406429958737990,0.409341102,27.915714,40.280990,68.196704,0,0.011938891,0.971920461,0.235006017,0.189260454,-0.185323136,0.233101766,-0.954630607,0.881464446,-0.982605005,-0.032155102,0.182902374,0.724805581,0.000000000,0.000000000,0.000000000,1.000000000
22,1790406429918457000,RL_thigh,1790406429890541286,1790406429958737990,0.409341102,27.915714,40.280990,68.196704,0,-0.178201248,0.971921983,0.153661063,0.282073193,0.639503117,0.233077488,-0.732605857,0.903724314,-0.747850507,-0.032284830,-0.663081544,0.721734954,0.000000000,0.000000000,0.000000000,1.000000000
22,1790406429918457000,RL_calf,1790406429890541286,1790406429958737990,0.409341102,27.915714,40.280990,68.196704,0,0.139524974,0.971919190,0.189487775,0.249376081,-0.680595787,0.233121087,-0.694582340,1.059722149,-0.719251197,-0.032053279,0.694010179,0.862931892,0.000000000,0.000000000,0.000000000,1.000000000
22,1790406429918457000,RL_calflower,1790406429890541286,1790406429958737990,0.409341102,27.915714,40.280990,68.196704,0,0.129880163,0.971919190,0.196224307,0.224138287,-0.645030571,0.233121087,-0.727729905,1.148888445,-0.753038373,-0.032053279,0.657195269,0.745854883,0.000000000,0.000000000,0.000000000,1.000000000
22,1790406429918457000,RL_calflower1,1790406429890541286,1790406429958737990,0.409341102,27.915714,40.280990,68.196704,0,0.024590746,0.971919190,0.234025919,0.214993848,-0.236088326,0.233121087,-0.943354416,1.184439651,-0.971420303,-0.032053279,0.235191428,0.727101149,0.000000000,0.000000000,0.000000000,1.000000000
22,1790406429918457000,RL_foot,1790406429890541286,1790406429958737990,0.409341102,27.915714,40.280990,68.196704,0,0.139524974,0.971919190,0.189487775,0.209036564,-0.680595787,0.233121087,-0.694582340,1.207634501,-0.719251197,-0.032053279,0.694010179,0.715135301,0.000000000,0.000000000,0.000000000,1.000000000
22,1790406429918457000,RR_hip,1790406429890541286,1790406429958737990,0.409341102,27.915714,40.280990,68.196704,0,0.011938891,0.994412338,0.104887139,0.097239193,-0.185323136,0.105277771,-0.977022323,0.868081309,-0.982605005,-0.007773722,0.185544599,0.726211637,0.000000000,0.000000000,0.000000000,1.000000000
22,1790406429918457000,RR_thigh,1790406429890541286,1790406429958737990,0.409341102,27.915714,40.280990,68.196704,0,-0.079122907,0.994412310,0.069881844,0.002272816,0.694579564,0.105278224,-0.711671567,0.858027282,-0.715051883,-0.007771294,-0.699028065,0.726954028,0.000000000,0.000000000,0.000000000,1.000000000
22,1790406429918457000,RR_calf,1790406429890541286,1790406429958737990,0.409341102,27.915714,40.280990,68.196704,0,0.061171403,0.994412314,0.086034623,-0.012602279,-0.634665505,0.105278147,-0.765582721,1.009509848,-0.770362118,-0.007771711,0.637559121,0.875746331,0.000000000,0.000000000,0.000000000,1.000000000
22,1790406429918457000,RR_calflower,1790406429890541286,1790406429958737990,0.409341102,27.915714,40.280990,68.196704,0,0.056795015,0.994412314,0.088984398,-0.024106441,-0.595609150,0.105278147,-0.796345996,1.110076052,-0.801264041,-0.007771711,0.598260279,0.766031724,0.000000000,0.000000000,0.000000000,1.000000000
22,1790406429918457000,RR_calflower1,1790406429890541286,1790406429958737990,0.409341102,27.915714,40.280990,68.196704,0,0.009285748,0.994412314,0.105155464,-0.028231825,-0.160566294,0.105278147,-0.981394758,1.147868373,-0.986981275,-0.007771711,0.160646781,0.750121446,0.000000000,0.000000000,0.000000000,1.000000000
22,1790406429918457000,RR_foot,1790406429890541286,1790406429958737990,0.409341102,27.915714,40.280990,68.196704,0,0.061171403,0.994412314,0.086034623,-0.030918914,-0.634665505,0.105278147,-0.765582721,1.172503149,-0.770362118,-0.007771711,0.637559121,0.740009879,0.000000000,0.000000000,0.000000000,1.000000000
23,1790406429986457000,FL_hip,1790406429958737990,1790406430058177299,0.278753043,27.719010,71.720299,99.439309,0,0.007822638,0.970090936,0.242615186,0.192458241,-0.188740797,0.239694051,-0.952325767,0.801566684,-0.981995680,-0.038341964,0.184970827,0.343874582,0.000000000,0.000000000,0.000000000,1.000000000
23,1790406429986457000,FL_thigh,1790406429958737990,1790406430058177299,0.278753043,27.719010,71.720299,99.439309,0,0.096328615,0.970087361,0.222825169,0.285046219,-0.523703328,0.239770964,-0.817462783,0.824444362,-0.846436993,-0.037949506,0.531134710,0.340214999,0.000000000,0.000000000,0.000000000,1.000000000
23,1790406429986457000,FL_calf,1790406429958737990,1790406430058177299,0.278753043,27.719010,71.720299,99.439309,0,0.226134317,0.970089712,-0.088255125,0.237653590,-0.835239457,0.239722291,0.494882780,0.998410150,0.501237352,-0.038196098,0.864466311,0.227134598,0.000000000,0.000000000,0.000000000,1.000000000
23,1790406429986457000,FL_calflower,1790406429958737990,1790406430058177299,0.278753043,27.719010,71.720299,99.439309,0,0.230262627,0.970089712,-0.076842824,0.255247278,-0.858929455,0.239722291,0.452519732,0.908509209,0.457405628,-0.038196098,0.888437380,0.109214395,0.000000000,0.000000000,0.000000000,1.000000000
23,1790406429986457000,FL_calflower1,1790406429958737990,1790406430058177299,0.278753043,27.719010,71.720299,99.439309,0,0.239726196,0.970089712,0.038171292,0.256024059,-0.970830254,0.239722291,0.004746969,0.899000405,-0.004545411,-0.038196098,0.999259839,0.069103914,0.000000000,0.000000000,0.000000000,1.000000000
23,1790406429986457000,FL_foot,1790406429958737990,1790406430058177299,0.278753043,27.719010,71.720299,99.439309,0,0.226134317,0.970089712,-0.088255125,0.256470604,-0.835239457,0.239722291,0.494882780,0.893050911,0.501237352,-0.038196098,0.864466311,0.043001132,0.000000000,0.000000000,0.000000000,1.000000000
23,1790406429986457000,FR_hip,1790406429958737990,1790406430058177299,0.278753043,27.719010,71.720299,99.439309,0,0.007822638,0.999959878,-0.004335369,0.100471236,-0.188740797,-0.002781212,-0.982023355,0.788006502,-0.981995680,0.008500015,0.188711586,0.345748117,0.000000000,0.000000000,0.000000000,1.000000000
23,1790406429986457000,FR_thigh,1790406429958737990,1790406430058177299,0.278753043,27.719010,71.720299,99.439309,0,0.007799749,0.999949201,-0.006364405,0.005013578,-0.414198082,-0.002562383,-0.910183540,0.788272353,-0.910153262,0.009735068,0.414157093,0.344936625,0.000000000,0.000000000,0.000000000,1.000000000
23,1790406429986457000,FR_calf,1790406429958737990,1790406430058177299,0.278753043,27.719010,71.720299,99.439309,0,-0.007989021,0.999958307,-0.004393778,0.006445561,-0.723270580,-0.002744289,0.690559795,0.981316924,0.690518866,0.008694528,0.723262006,0.257101022,0.000000000,0.000000000,0.000000000,1.000000000
23,1790406429986457000,FR_calflower,1790406429958737990,1790406430058177299,0.278753043,27.719010,71.720299,99.439309,0,-0.007759439,0.999958307,-0.004787572,0.006958068,-0.756880284,-0.002744289,0.653548312,0.864698908,0.653507863,0.008694528,0.756869676,0.163870425,0.000000000,0.000000000,0.000000000,1.000000000
23,1790406429986457000,FR_calflower1,1790406429958737990,1790406430058177299,0.278753043,27.719010,71.720299,99.439309,0,-0.004671782,0.999958307,-0.007829700,0.007234938,-0.973143971,-0.002744289,0.230182481,0.846132231,0.230151501,0.008694528,0.973115882,0.127063311,0.000000000,0.000000000,0.000000000,1.000000000
23,1790406429986457000,FR_foot,1790406429958737990,1790406430058177299,0.278753043,27.719010,71.720299,99.439309,0,-0.007989021,0.999958307,-0.004393778,0.007416277,-0.723270580,-0.002744289,0.690559795,0.834288464,0.690518866,0.008694528,0.723262006,0.103052583,0.000000000,0.000000000,0.000000000,1.000000000
23,1790406429986457000,RL_hip,1790406429958737990,1790406430058177299,0.278753043,27.719010,71.720299,99.439309,0,0.007822638,0.976889487,0.213601223,0.189432444,-0.188740797,0.211210742,-0.959045164,0.874571624,-0.981995680,-0.032813281,0.186031184,0.723710511,0.000000000,0.000000000,0.000000000,1.000000000
23,1790406429986457000,RL_thigh,1790406429958737990,1790406430058177299,0.278753043,27.719010,71.720299,99.439309,0,-0.166165213,0.976881372,0.134505213,0.282709375,0.656253792,0.211359390,-0.724333391,0.894738888,-0.736016586,-0.032089736,-0.676202382,0.720577361,0.000000000,0.000000000,0.000000000,1.000000000
23,1790406429986457000,RL_calf,1790406429958737990,1790406430058177299,0.278753043,27.719010,71.720299,99.439309,0,0.111192909,0.976880356,0.182594233,0.254022918,-0.630282771,0.211374513,-0.747037573,1.048496843,-0.768361780,-0.032020998,0.639214095,0.864146415,0.000000000,0.000000000,0.000000000,1.000000000
23,1790406429986457000,RL_calflower,1790406429958737990,1790406430058177299,0.278753043,27.719010,71.720299,99.439309,0,0.101928039,0.976880356,0.187923367,0.229387515,-0.592158764,0.211374513,-0.777604981,1.146061141,-0.799348917,-0.032020997,0.600013161,0.754585282,0.000000000,0.000000000,0.000000000,1.000000000
23,1790406429986457000,RL_calflower1,1790406429958737990,1790406430058177299,0.278753043,27.719010,71.720299,99.439309,0,0.003630556,0.976880356,0.213755318,0.220890031,-0.166160031,0.211374513,-0.963178256,1.182938526,-0.986092014,-0.032020997,0.163085943,0.738636277,0.000000000,0.000000000,0.000000000,1.000000000
23,1790406429986457000,RL_foot,1790406429958737990,1790406430058177299,0.278753043,27.719010,71.720299,99.439309,0,0.111192909,0.976880356,0.182594233,0.215358771,-0.630282771,0.211374513,-0.747037573,1.206979089,-0.768361780,-0.032020998,0.639214095,0.728498477,0.000000000,0.000000000,0.000000000,1.000000000
23,1790406429986457000,RR_hip,1790406429958737990,1790406430058177299,0.278753043,27.719010,71.720299,99.439309,0,0.007822638,0.995934827,0.089735012,0.097445439,-0.188740797,0.089595261,-0.977931641,0.861011442,-0.981995680,-0.009286922,0.188674497,0.725584046,0.000000000,0.000000000,0.000000000,1.000000000
23,1790406429986457000,RR_thigh,1790406429958737990,1790406430058177299,0.278753043,27.719010,71.720299,99.439309,0,-0.067921949,0.995928048,0.059276287,0.002374435,0.684659375,0.089744291,-0.723317492,0.852458374,-0.725691769,-0.008545337,-0.687966759,0.726470642,0.000000000,0.000000000,0.000000000,1.000000000
23,1790406429986457000,RR_calf,1790406429958737990,1790406430058177299,0.278753043,27.719010,71.720299,99.439309,0,0.051276651,0.995928202,0.074144914,-0.010365083,-0.642023808,0.089741163,-0.761414898,1.006261925,-0.764968086,-0.008560263,0.644011162,0.872819689,0.000000000,0.000000000,0.000000000,1.000000000
23,1790406429986457000,RR_calflower,1790406429958737990,1790406430058177299,0.278753043,27.719010,71.720299,99.439309,0,0.047506868,0.995928202,0.076615017,-0.020233390,-0.603166561,0.089741163,-0.792551144,1.105934783,-0.796199218,-0.008560264,0.604973847,0.762355985,0.000000000,0.000000000,0.000000000,1.000000000
23,1790406429986457000,RR_calflower1,1790406429958737990,1790406430058177299,0.278753043,27.719010,71.720299,99.439309,0,0.006759131,0.995928202,0.089894813,-0.023761864,-0.169022063,0.089741163,-0.981518598,1.143603308,-0.985588988,-0.008560263,0.168940512,0.746142384,0.000000000,0.000000000,0.000000000,1.000000000
23,1790406429986457000,RR_foot,1790406429958737990,1790406430058177299,0.278753043,27.719010,71.720299,99.439309,0,0.051276651,0.995928202,0.074144914,-0.026060041,-0.642023808,0.089741163,-0.761414898,1.168159560,-0.764968086,-0.008560263,0.644011162,0.735832874,0.000000000,0.000000000,0.000000000,1.000000000
24,1790406430518455000,FL_hip,1790406430164258517,1790406430858130724,0.510463569,354.196483,339.675724,693.872207,1,-0.001784942,0.982646936,0.185476560,0.196370461,-0.177358730,0.182225248,-0.967129019,0.764763690,-0.984144548,-0.034622430,0.173955810,0.339587517,0.000000000,0.000000000,0.000000000,1.000000000
24,1790406430518455000,FL_thigh,1790406430164258517,1790406430858130724,0.510463569,354.196483,339.675724,693.872207,1,0.041741183,0.982646564,0.180729478,0.290181221,-0.400079066,0.182190584,-0.898189307,0.782160275,-0.915529510,-0.034814870,0.400741149,0.336282202,0.000000000,0.000000000,0.000000000,1.000000000
24,1790406430518455000,FL_calf,1790406430164258517,1790406430858130724,0.510463569,354.196483,339.675724,693.872207,1,0.174626024,0.982647989,-0.062517374,0.251693575,-0.848149471,0.182368094,0.497378178,0.973383074,0.500148783,-0.033831370,0.865278256,0.250946521,0.000000000,0.000000000,0.000000000,1.000000000
24,1790406430518455000,FL_calflower,1790406430164258517,1790406430858130724,0.510463569,354.196483,339.675724,693.872207,1,0.177532353,0.982647989,-0.053711580,0.264514767,-0.871948053,0.182368093,0.454366779,0.883021416,0.456277839,-0.033831370,0.889193905,0.133103963,0.000000000,0.000000000,0.000000000,1.000000000
24,1790406430518455000,FL_calflower1,1790406430164258517,1790406430858130724,0.510463569,354.196483,339.675724,693.872207,1,0.182273185,0.982647989,0.034338845,0.264919592,-0.983230613,0.182368094,0.000373573,0.873590781,-0.005895102,-0.033831370,0.999410083,0.093048072,0.000000000,0.000000000,0.000000000,1.000000000
24,1790406430518455000,FL_foot,1790406430164258517,1790406430858130724,0.510463569,354.196483,339.675724,693.872207,1,0.174626024,0.982647989,-0.062517374,0.265138246,-0.848149471,0.182368094,0.497378178,0.867694816,0.500148783,-0.033831370,0.865278256,0.066981135,0.000000000,0.000000000,0.000000000,1.000000000
24,1790406430518455000,FR_hip,1790406430164258517,1790406430858130724,0.510463569,354.196483,339.675724,693.872207,1,-0.001784942,0.999686254,0.024978973,0.104284412,-0.177358730,0.024266429,-0.983847407,0.751994013,-0.984144548,-0.006186610,0.177259872,0.342055861,0.000000000,0.000000000,0.000000000,1.000000000
24,1790406430518455000,FR_thigh,1790406430164258517,1790406430858130724,0.510463569,354.196483,339.675724,693.872207,1,0.007925082,0.999685568,0.023784444,0.008824536,-0.552206288,0.024204704,-0.833356495,0.749676813,-0.833669812,-0.006529762,0.552224443,0.342646620,0.000000000,0.000000000,0.000000000,1.000000000
24,1790406430518455000,FR_calf,1790406430164258517,1790406430858130724,0.510463569,354.196483,339.675724,693.872207,1,0.023327822,0.999686130,-0.009121143,0.003735258,-0.810653663,0.024254378,0.585023985,0.926958073,0.585061539,-0.006253508,0.810964683,0.225161056,0.000000000,0.000000000,0.000000000,1.000000000
24,1790406430518455000,FR_calflower,1790406430164258517,1790406430858130724,0.510463569,354.196483,339.675724,693.872207,1,0.023754536,0.999686130,-0.007943839,0.005542967,-0.838879570,0.024254378,0.543777060,0.824174296,0.543799024,-0.006253508,0.839192077,0.116842721,0.000000000,0.000000000,0.000000000,1.000000000
24,1790406430518455000,FR_calflower1,1790406430164258517,1790406430858130724,0.510463569,354.196483,339.675724,693.872207,1,0.024738452,0.999686130,0.003923205,0.005620387,-0.995186842,0.024254377,0.094950376,0.810813176,0.094825548,-0.006253508,0.995474177,0.077838639,0.000000000,0.000000000,0.000000000,1.000000000
24,1790406430518455000,FR_foot,1790406430164258517,1790406430858130724,0.510463569,354.196483,339.675724,693.872207,1,0.023327822,0.999686130,-0.009121143,0.005664683,-0.810653663,0.024254378,0.585023985,0.802362701,0.585061539,-0.006253508,0.810964683,0.052431419,0.000000000,0.000000000,0.000000000,1.000000000
24,1790406430518455000,RL_hip,1790406430164258517,1790406430858130724,0.510463569,354.196483,339.675724,693.872207,1,-0.001784942,0.981120818,0.193386904,0.197060876,-0.177358730,0.190010682,-0.965629598,0.833366047,-0.984144548,-0.036022722,0.173671241,0.720254629,0.000000000,0.000000000,0.000000000,1.000000000
24,1790406430518455000,RL_thigh,1790406430164258517,1790406430858130724,0.510463569,354.196483,339.675724,693.872207,1,-0.167790703,0.981121622,0.096158118,0.290733411,0.745588938,0.190109330,-0.638714550,0.851507330,-0.644937093,-0.035476209,-0.763411692,0.716815357,0.000000000,0.000000000,0.000000000,1.000000000
24,1790406430518455000,RL_calf,1790406430164258517,1790406430858130724,0.510463569,354.196483,339.675724,693.872207,1,0.091233872,0.981122122,0.170515402,0.270180834,-0.613423352,0.190255780,-0.766495419,0.987346952,-0.784466836,-0.034668059,0.619200886,0.879238867,0.000000000,0.000000000,0.000000000,1.000000000
24,1790406430518455000,RL_calflower,1790406430164258517,1790406430858130724,0.510463569,354.196483,339.675724,693.872207,1,0.082597636,0.981122122,0.174862095,0.247062325,-0.574347929,0.190255780,-0.796195889,1.087780432,-0.814433602,-0.034668059,0.579220045,0.772682588,0.000000000,0.000000000,0.000000000,1.000000000
24,1790406430518455000,RL_calflower1,1790406430164258517,1790406430858130724,0.510463569,354.196483,339.675724,693.872207,1,-0.007483991,0.981122122,0.193243658,0.239311131,-0.141777016,0.190255780,-0.971443624,1.125092086,-0.989870225,-0.034668059,0.137676762,0.757767569,0.000000000,0.000000000,0.000000000,1.000000000
24,1790406430518455000,RL_foot,1790406430164258517,1790406430858130724,0.510463569,354.196483,339.675724,693.872207,1,0.091233872,0.981122122,0.170515402,0.234268144,-0.613423352,0.190255780,-0.766495419,1.149409127,-0.784466836,-0.034668059,0.619200886,0.748302794,0.000000000,0.000000000,0.000000000,1.000000000
24,1790406430518455000,RR_hip,1790406430164258517,1790406430858130724,0.510463569,354.196483,339.675724,693.872207,1,-0.001784942,0.994942620,0.100427770,0.104974827,-0.177358730,0.098520735,-0.979202862,0.820596370,-0.984144548,-0.019559830,0.176285988,0.722722973,0.000000000,0.000000000,0.000000000,1.000000000
24,1790406430518455000,RR_thigh,1790406430164258517,1790406430858130724,0.510463569,354.196483,339.675724,693.872207,1,-0.081494499,0.994942549,0.058717210,0.010003098,0.677662933,0.098513773,-0.728744595,0.811192105,-0.730843326,-0.019598466,-0.682263703,0.724590049,0.000000000,0.000000000,0.000000000,1.000000000
24,1790406430518455000,RR_calf,1790406430164258517,1790406430858130724,0.510463569,354.196483,339.675724,693.872207,1,0.050828389,0.994942381,0.086636442,-0.002490886,-0.662747456,0.098497906,-0.742337303,0.966355283,-0.747116027,-0.019686539,0.664401919,0.869922343,0.000000000,0.000000000,0.000000000,1.000000000
24,1790406430518455000,RR_calflower,1790406430164258517,1790406430858130724,0.510463569,354.196483,339.675724,693.872207,1,0.046434850,0.994942381,0.089068530,-0.014302672,-0.624817792,0.098497906,-0.774533142,1.062907685,-0.779388583,-0.019686539,0.626231351,0.756662435,0.000000000,0.000000000,0.000000000,1.000000000
24,1790406430518455000,RR_calflower1,1790406430164258517,1790406430858130724,0.510463569,354.196483,339.675724,693.872207,1,0.000057484,0.994942381,0.100445980,-0.018329052,-0.196546934,0.098497906,-0.975534809,1.100117140,-0.980494313,-0.019686539,0.195558612,0.739411044,0.000000000,0.000000000,0.000000000,1.000000000
24,1790406430518455000,RR_foot,1790406430164258517,1790406430858130724,0.510463569,354.196483,339.675724,693.872207,1,0.050828389,0.994942381,0.086636442,-0.020949404,-0.662747456,0.098497906,-0.742337303,1.124381462,-0.747116027,-0.019686539,0.664401919,0.728425188,0.000000000,0.000000000,0.000000000,1.000000000
25,1790406430586454000,FL_hip,1790406430164258517,1790406430858130724,0.608462882,422.195483,271.676724,693.872207,1,-0.003297756,0.981845926,0.189650841,0.186237593,-0.178936795,0.186011569,-0.966116979,0.760017288,-0.983854941,-0.037121805,0.175075001,0.337213667,0.000000000,0.000000000,0.000000000,1.000000000
25,1790406430586454000,FL_thigh,1790406430164258517,1790406430858130724,0.608462882,422.195483,271.676724,693.872207,1,0.040718904,0.981845256,0.185260907,0.279973355,-0.398739799,0.185978404,-0.898008522,0.777775728,-0.916159600,-0.037305248,0.399073596,0.333669667,0.000000000,0.000000000,0.000000000,1.000000000
25,1790406430586454000,FL_calf,1790406430164258517,1790406430858130724,0.608462882,422.195483,271.676724,693.872207,1,0.178314890,0.981847518,-0.064645113,0.240520238,-0.840582385,0.186151938,0.508693826,0.968964305,0.511493521,-0.036368415,0.858517062,0.248688183,0.000000000,0.000000000,0.000000000,1.000000000
25,1790406430586454000,FL_calflower,1790406430164258517,1790406430858130724,0.608462882,422.195483,271.676724,693.872207,1,0.181322952,0.981847518,-0.055652293,0.253726608,-0.864955971,0.186151938,0.466046482,0.877070513,0.467946318,-0.036368415,0.883008160,0.132061919,0.000000000,0.000000000,0.000000000,1.000000000
25,1790406430586454000,FL_calflower1,1790406430164258517,1790406430858130724,0.608462882,422.195483,271.676724,693.872207,1,0.186531608,0.981847518,0.034367862,0.254169726,-0.982422115,0.186151938,0.013962208,0.867102040,0.007311228,-0.036368415,0.999311620,0.092133133,0.000000000,0.000000000,0.000000000,1.000000000
25,1790406430586454000,FL_foot,1790406430164258517,1790406430858130724,0.608462882,422.195483,271.676724,693.872207,1,0.178314890,0.981847518,-0.064645113,0.254412250,-0.840582385,0.186151938,0.508693826,0.860855875,0.511493521,-0.036368415,0.858517062,0.066145667,0.000000000,0.000000000,0.000000000,1.000000000
25,1790406430586454000,FR_hip,1790406430164258517,1790406430858130724,0.608462882,422.195483,271.676724,693.872207,1,-0.003297756,0.999630737,0.026967658,0.094140607,-0.178936795,0.025942582,-0.983518838,0.747355429,-0.983854941,-0.008069172,0.178785270,0.339825242,0.000000000,0.000000000,0.000000000,1.000000000
25,1790406430586454000,FR_thigh,1790406430164258517,1790406430858130724,0.608462882,422.195483,271.676724,693.872207,1,0.007092257,0.999629554,0.026271534,-0.001314441,-0.545703551,0.025884233,-0.837578855,0.744878144,-0.837948252,-0.008396405,0.545684942,0.340595773,0.000000000,0.000000000,0.000000000,1.000000000
25,1790406430586454000,FR_calf,1790406430164258517,1790406430858130724,0.608462882,422.195483,271.676724,693.872207,1,0.025789294,0.999630520,-0.008571809,-0.006932225,-0.810745158,0.025931030,0.584825246,0.923069004,0.584831390,-0.008132938,0.811114005,0.224496386,0.000000000,0.000000000,0.000000000,1.000000000
25,1790406430586454000,FR_calflower,1790406430164258517,1790406430858130724,0.608462882,422.195483,271.676724,693.872207,1,0.026185476,0.999630520,-0.007272169,-0.005156171,-0.838961018,0.025931029,0.543573997,0.820312215,0.543561700,-0.008132938,0.839329711,0.116151199,0.000000000,0.000000000,0.000000000,1.000000000
25,1790406430586454000,FR_calflower1,1790406430164258517,1790406430858130724,0.608462882,422.195483,271.676724,693.872207,1,0.026584520,0.999630520,0.005641531,-0.005129795,-0.995165316,0.025931029,0.094732649,0.806959981,0.094551486,-0.008132938,0.995486665,0.077143914,0.000000000,0.000000000,0.000000000,1.000000000
25,1790406430586454000,FR_foot,1790406430164258517,1790406430858130724,0.608462882,422.195483,271.676724,693.872207,1,0.025789294,0.999630520,-0.008571809,-0.005119172,-0.810745158,0.025931030,0.584825246,0.798515284,0.584831390,-0.008132938,0.811114005,0.051734676,0.000000000,0.000000000,0.000000000,1.000000000
25,1790406430586454000,RL_hip,1790406430164258517,1790406430858130724,0.608462882,422.195483,271.676724,693.872207,1,-0.003297756,0.980412035,0.196929191,0.187513165,-0.178936795,0.193173337,-0.964710518,0.829230041,-0.983854941,-0.038419532,0.174794805,0.717768758,0.000000000,0.000000000,0.000000000,1.000000000
25,1790406430586454000,RL_thigh,1790406430164258517,1790406430858130724,0.608462882,422.195483,271.676724,693.872207,1,-0.170700268,0.980413277,0.098239320,0.281119156,0.737876677,0.193269841,-0.646672619,0.847673571,-0.652992999,-0.037898961,-0.756414993,0.714100594,0.000000000,0.000000000,0.000000000,1.000000000
25,1790406430586454000,RL_calf,1790406430164258517,1790406430858130724,0.608462882,422.195483,271.676724,693.872207,1,0.095613453,0.980413269,0.172184867,0.260126507,-0.632244186,0.193419021,-0.750238009,0.985217044,-0.768846813,-0.037130309,0.638353936,0.875043349,0.000000000,0.000000000,0.000000000,1.000000000
25,1790406430586454000,RL_calflower,1790406430164258517,1790406430858130724,0.608462882,422.195483,271.676724,693.872207,1,0.086888305,0.980413269,0.176748362,0.236835357,-0.593957773,0.193419021,-0.780899446,1.082909597,-0.799790354,-0.037130309,0.599129835,0.765935173,0.000000000,0.000000000,0.000000000,1.000000000
25,1790406430586454000,RL_calflower1,1790406430164258517,1790406430858130724,0.608462882,422.195483,271.676724,693.872207,1,-0.004549228,0.980413269,0.196898109,0.228962752,-0.166234427,0.193419021,-0.966931174,1.119819566,-0.986075665,-0.037130309,0.162098591,0.750074695,0.000000000,0.000000000,0.000000000,1.000000000
25,1790406430586454000,RL_foot,1790406430164258517,1790406430858130724,0.608462882,422.195483,271.676724,693.872207,1,0.095613453,0.980413269,0.172184867,0.223840045,-0.632244186,0.193419021,-0.750238009,1.143881209,-0.768846813,-0.037130309,0.638353936,0.739993765,0.000000000,0.000000000,0.000000000,1.000000000
25,1790406430586454000,RR_hip,1790406430164258517,1790406430858130724,0.608462882,422.195483,271.676724,693.872207,1,-0.003297756,0.994405008,0.105581935,0.095416179,-0.178936795,0.103291599,-0.978423818,0.816568182,-0.983854941,-0.022119364,0.177595096,0.720380333,0.000000000,0.000000000,0.000000000,1.000000000
25,1790406430586454000,RR_thigh,1790406430164258517,1790406430858130724,0.608462882,422.195483,271.676724,693.872207,1,-0.086556472,0.994404883,0.060552833,0.000493674,0.676457282,0.103284908,-0.729203998,0.806708127,-0.731378078,-0.022156188,-0.681612089,0.722491807,0.000000000,0.000000000,0.000000000,1.000000000
25,1790406430586454000,RR_calf,1790406430164258517,1790406430858130724,0.608462882,422.195483,271.676724,693.872207,1,0.052085707,0.994404588,0.091903943,-0.012391829,-0.662473954,0.103269707,-0.741932831,0.961971953,-0.747271980,-0.022240140,0.664145913,0.867684895,0.000000000,0.000000000,0.000000000,1.000000000
25,1790406430586454000,RR_calflower,1790406430164258517,1790406430858130724,0.608462882,422.195483,271.676724,693.872207,1,0.047427331,0.994404588,0.094392287,-0.024957701,-0.624564848,0.103269707,-0.774115506,1.058472704,-0.779531546,-0.022240140,0.625967870,0.754459178,0.000000000,0.000000000,0.000000000,1.000000000
25,1790406430586454000,RR_calflower1,1790406430164258517,1790406430858130724,0.608462882,422.195483,271.676724,693.872207,1,-0.001520591,0.994404588,0.105626434,-0.029206966,-0.196515429,0.103269707,-0.975047564,1.095663865,-0.980499450,-0.022240140,0.195258888,0.737219589,0.000000000,0.000000000,0.000000000,1.000000000
25,1790406430586454000,RR_foot,1790406430164258517,1790406430858130724,0.608462882,422.195483,271.676724,693.872207,1,0.052085707,0.994404588,0.091903943,-0.031971985,-0.662473954,0.103269707,-0.741932831,1.119916272,-0.747271980,-0.022240140,0.664145913,0.726241416,0.000000000,0.000000000,0.000000000,1.000000000
26,1790406430650458000,FL_hip,1790406430164258517,1790406430858130724,0.700704652,486.199483,207.672724,693.872207,1,0.006158329,0.982041194,0.188565404,0.176327338,-0.174659436,0.186726683,-0.966761567,0.761183926,-0.984609544,-0.026981369,0.172672740,0.341105894,0.000000000,0.000000000,0.000000000,1.000000000
26,1790406430650458000,FL_thigh,1790406430164258517,1790406430858130724,0.700704652,486.199483,207.672724,693.872207,1,0.049181678,0.982042130,0.182137755,0.270085381,-0.392239083,0.186698337,-0.900718009,0.779011403,-0.918547513,-0.027143000,0.394377418,0.338529878,0.000000000,0.000000000,0.000000000,1.000000000
26,1790406430650458000,FL_calf,1790406430164258517,1790406430858130724,0.700704652,486.199483,207.672724,693.872207,1,0.173151157,0.982035769,-0.074994462,0.231296219,-0.836904266,0.186849835,0.514469715,0.970787431,0.519240295,-0.026318120,0.854222861,0.254545802,0.000000000,0.000000000,0.000000000,1.000000000
26,1790406430650458000,FL_calflower,1790406430164258517,1790406430858130724,0.700704652,486.199483,207.672724,693.872207,1,0.176682924,0.982035769,-0.066246787,0.245920832,-0.861571123,0.186849835,0.471998982,0.878087613,0.475898031,-0.026318120,0.879106503,0.138686337,0.000000000,0.000000000,0.000000000,1.000000000
26,1790406430650458000,FL_calflower1,1790406430164258517,1790406430858130724,0.700704652,486.199483,207.672724,693.872207,1,0.187308244,0.982035769,0.022827931,0.246829886,-0.982168512,0.186849835,0.020805098,0.867844235,0.016166061,-0.026318119,0.999522805,0.098825896,0.000000000,0.000000000,0.000000000,1.000000000
26,1790406430650458000,FL_foot,1790406430164258517,1790406430858130724,0.700704652,486.199483,207.672724,693.872207,1,0.173151157,0.982035769,-0.074994462,0.247375442,-0.836904266,0.186849835,0.514469715,0.861419161,0.519240295,-0.026318120,0.854222861,0.072880728,0.000000000,0.000000000,0.000000000,1.000000000
26,1790406430650458000,FR_hip,1790406430164258517,1790406430858130724,0.700704652,486.199483,207.672724,693.872207,1,0.006158329,0.999699131,0.023737444,0.084156658,-0.174659436,0.024448242,-0.984325690,0.748896004,-0.984609544,0.001915568,0.174757546,0.342709179,0.000000000,0.000000000,0.000000000,1.000000000
26,1790406430650458000,FR_thigh,1790406430164258517,1790406430858130724,0.700704652,486.199483,207.672724,693.872207,1,0.014424194,0.999700846,0.019746026,-0.011306080,-0.534643328,0.024398978,-0.844725933,0.746561372,-0.844954667,0.001627145,0.534835289,0.342526264,0.000000000,0.000000000,0.000000000,1.000000000
26,1790406430650458000,FR_calf,1790406430164258517,1790406430858130724,0.700704652,486.199483,207.672724,693.872207,1,0.018827359,0.999699479,-0.015691592,-0.015533087,-0.814312827,0.024438348,0.579912137,0.926299339,0.580121285,0.001859386,0.814527876,0.228720532,0.000000000,0.000000000,0.000000000,1.000000000
26,1790406430650458000,FR_calflower,1790406430164258517,1790406430858130724,0.700704652,486.199483,207.672724,693.872207,1,0.019588082,0.999699479,-0.014731006,-0.012841535,-0.842278675,0.024438348,0.538488719,0.824196882,0.538686858,0.001859386,0.842503908,0.119775503,0.000000000,0.000000000,0.000000000,1.000000000
26,1790406430650458000,FR_calflower1,1790406430164258517,1790406430858130724,0.700704652,486.199483,207.672724,693.872207,1,0.024177001,0.999699479,-0.004020959,-0.012450524,-0.995759785,0.024438348,0.088690008,0.811081102,0.088761748,0.001859386,0.996051062,0.080689797,0.000000000,0.000000000,0.000000000,1.000000000
26,1790406430650458000,FR_foot,1790406430164258517,1790406430858130724,0.700704652,486.199483,207.672724,693.872207,1,0.018827359,0.999699479,-0.015691592,-0.012202004,-0.814312827,0.024438348,0.579912137,0.802790441,0.580121285,0.001859386,0.814527876,0.055230948,0.000000000,0.000000000,0.000000000,1.000000000
26,1790406430650458000,RL_hip,1790406430164258517,1790406430858130724,0.700704652,486.199483,207.672724,693.872207,1,0.006158329,0.980732770,0.195256374,0.173945296,-0.174659436,0.193313523,-0.965466034,0.828742196,-0.984609544,-0.028157989,0.172484773,0.721952865,0.000000000,0.000000000,0.000000000,1.000000000
26,1790406430650458000,RL_thigh,1790406430164258517,1790406430858130724,0.700704652,486.199483,207.672724,693.872207,1,-0.163511607,0.980729202,0.106929555,0.267584696,0.734910874,0.193397827,-0.650003067,0.847199710,-0.658156806,-0.027699631,-0.752371034,0.719264346,0.000000000,0.000000000,0.000000000,1.000000000
26,1790406430650458000,RL_calf,1790406430164258517,1790406430858130724,0.700704652,486.199483,207.672724,693.872207,1,0.106536722,0.980721370,0.163814726,0.244750297,-0.645477002,0.193533105,-0.738853894,0.985476623,-0.756313064,-0.027023844,0.653651348,0.879365649,0.000000000,0.000000000,0.000000000,1.000000000
26,1790406430650458000,RL_calflower,1790406430164258517,1790406430858130724,0.700704652,486.199483,207.672724,693.872207,1,0.098216255,0.980721370,0.168934617,0.222873750,-0.607743021,0.193533105,-0.770190923,1.081304533,-0.788036821,-0.027023844,0.615034555,0.768159470,0.000000000,0.000000000,0.000000000,1.000000000
26,1790406430650458000,RL_calflower1,1790406430164258517,1790406430858130724,0.700704652,486.199483,207.672724,693.872207,1,0.009106832,0.980721370,0.195198369,0.215190805,-0.183406844,0.193533105,-0.963798509,1.117955947,-0.982994809,-0.027023845,0.181633534,0.751533819,0.000000000,0.000000000,0.000000000,1.000000000
26,1790406430650458000,RL_foot,1790406430164258517,1790406430858130724,0.700704652,486.199483,207.672724,693.872207,1,0.106536722,0.980721370,0.163814726,0.210188223,-0.645477002,0.193533105,-0.738853894,1.141853583,-0.756313064,-0.027023844,0.653651348,0.740954352,0.000000000,0.000000000,0.000000000,1.000000000
26,1790406430650458000,RR_hip,1790406430164258517,1790406430858130724,0.700704652,486.199483,207.672724,693.872207,1,0.006158329,0.994415379,0.105355934,0.081774616,-0.174659436,0.104807998,-0.979035272,0.816454274,-0.984609544,-0.012372459,0.174329549,0.723556150,0.000000000,0.000000000,0.000000000,1.000000000
26,1790406430650458000,RR_thigh,1790406430164258517,1790406430858130724,0.700704652,486.199483,207.672724,693.872207,1,-0.080742283,0.994415580,0.067956468,-0.013154033,0.679849244,0.104802255,-0.725825180,0.806448804,-0.728893722,-0.012404901,-0.684514342,0.724737302,0.000000000,0.000000000,0.000000000,1.000000000
26,1790406430650458000,RR_calf,1790406430164258517,1790406430858130724,0.700704652,486.199483,207.672724,693.872207,1,0.059918343,0.994416026,0.086869462,-0.027618176,-0.657993502,0.104789244,-0.745697301,0.960999658,-0.750636008,-0.012478867,0.660597975,0.870547289,0.000000000,0.000000000,0.000000000,1.000000000
26,1790406430650458000,RR_calflower,1790406430164258517,1790406430858130724,0.700704652,486.199483,207.672724,693.872207,1,0.055501797,0.994416026,0.089755567,-0.039281825,-0.619901850,0.104789244,-0.777651342,1.058153799,-0.782714046,-0.012478867,0.622256236,0.757777501,0.000000000,0.000000000,0.000000000,1.000000000
26,1790406430650458000,RR_calflower1,1790406430164258517,1790406430858130724,0.700704652,486.199483,207.672724,693.872207,1,0.007782560,0.994416026,0.105242306,-0.043426522,-0.190746598,0.104789244,-0.976030557,1.095442033,-0.981608357,-0.012478867,0.190497075,0.740717671,0.000000000,0.000000000,0.000000000,1.000000000
26,1790406430650458000,RR_foot,1790406430164258517,1790406430858130724,0.700704652,486.199483,207.672724,693.872207,1,0.059918343,0.994416026,0.086869462,-0.046125781,-0.657993502,0.104789244,-0.745697301,1.119756196,-0.750636008,-0.012478867,0.660597975,0.729856759,0.000000000,0.000000000,0.000000000,1.000000000
27,1790406430718458000,FL_hip,1790406430164258517,1790406430858130724,0.798705406,554.199483,139.672724,693.872207,1,0.017398660,0.981745714,0.189400078,0.169817750,-0.182868104,0.189358046,-0.964729747,0.753948785,-0.982983388,-0.017850512,0.182824611,0.344894425,0.000000000,0.000000000,0.000000000,1.000000000
27,1790406430718458000,FL_thigh,1790406430164258517,1790406430858130724,0.798705406,554.199483,139.672724,693.872207,1,0.059819982,0.981747824,0.180534012,0.263553844,-0.397120566,0.189335401,-0.898024531,0.772028719,-0.915814770,-0.017974241,0.401198271,0.343190036,0.000000000,0.000000000,0.000000000,1.000000000
27,1790406430718458000,FL_calf,1790406430164258517,1790406430858130724,0.798705406,554.199483,139.672724,693.872207,1,0.168849020,0.981735385,-0.087666367,0.225104645,-0.825664557,0.189458700,0.531398285,0.963249088,0.538301583,-0.017343351,0.842573697,0.257749331,0.000000000,0.000000000,0.000000000,1.000000000
27,1790406430718458000,FL_calflower,1790406430164258517,1790406430858130724,0.798705406,554.199483,139.672724,693.872207,1,0.173019495,0.981735385,-0.079117873,0.241502463,-0.851191536,0.189458700,0.489468147,0.868228353,0.495517713,-0.017343351,0.868424565,0.143951862,0.000000000,0.000000000,0.000000000,1.000000000
27,1790406430718458000,FL_calflower1,1790406430164258517,1790406430858130724,0.798705406,554.199483,139.672724,693.872207,1,0.190002400,0.981735385,0.009719648,0.242956341,-0.981028768,0.189458700,0.041093235,0.857178125,0.038501316,-0.017343351,0.999107941,0.104307884,0.000000000,0.000000000,0.000000000,1.000000000
27,1790406430718458000,FL_foot,1790406430164258517,1790406430858130724,0.798705406,554.199483,139.672724,693.872207,1,0.168849020,0.981735385,-0.087666367,0.243855794,-0.825664557,0.189458700,0.531398285,0.850227780,0.538301583,-0.017343351,0.842573697,0.078498094,0.000000000,0.000000000,0.000000000,1.000000000
27,1790406430718458000,FR_hip,1790406430164258517,1790406430858130724,0.798705406,554.199483,139.672724,693.872207,1,0.017398660,0.999598690,0.022349404,0.077607553,-0.182868104,0.025157007,-0.982815893,0.741869915,-0.982983388,0.013012416,0.183232519,0.345509422,0.000000000,0.000000000,0.000000000,1.000000000
27,1790406430718458000,FR_thigh,1790406430164258517,1790406430858130724,0.798705406,554.199483,139.672724,693.872207,1,0.024229669,0.999602519,0.014404025,-0.017847584,-0.533771796,0.025118086,-0.845255848,0.739467547,-0.845281328,0.012791537,0.534168207,0.344266828,0.000000000,0.000000000,0.000000000,1.000000000
27,1790406430718458000,FR_calf,1790406430164258517,1790406430858130724,0.798705406,554.199483,139.672724,693.872207,1,0.012793448,0.999599448,-0.025239280,-0.020933011,-0.810499061,0.025149089,0.585200387,0.919362893,0.585600680,0.012969412,0.810495810,0.230577094,0.000000000,0.000000000,0.000000000,1.000000000
27,1790406430718458000,FR_calflower,1790406430164258517,1790406430858130724,0.798705406,554.199483,139.672724,693.872207,1,0.014038897,0.999599448,-0.024568332,-0.016947377,-0.838733977,0.025149089,0.543960969,0.816551553,0.544360924,0.012969412,0.838750737,0.122337645,0.000000000,0.000000000,0.000000000,1.000000000
27,1790406430718458000,FR_calflower1,1790406430164258517,1790406430858130724,0.798705406,554.199483,139.672724,693.872207,1,0.023797575,0.999599448,-0.015309115,-0.016106844,-0.995142627,0.025149089,0.095180734,0.803181217,0.095527753,0.012969412,0.995342184,0.083344990,0.000000000,0.000000000,0.000000000,1.000000000
27,1790406430718458000,FR_foot,1790406430164258517,1790406430858130724,0.798705406,554.199483,139.672724,693.872207,1,0.012793448,0.999599448,-0.025239280,-0.015565682,-0.810499061,0.025149089,0.585200387,0.794724746,0.585600680,0.012969412,0.810495810,0.057945032,0.000000000,0.000000000,0.000000000,1.000000000
27,1790406430718458000,RL_hip,1790406430164258517,1790406430858130724,0.798705406,554.199483,139.672724,693.872207,1,0.017398660,0.980556502,0.195463507,0.163087949,-0.182868104,0.195316320,-0.963541119,0.824682167,-0.982983388,-0.018980000,0.182710806,0.725112400,0.000000000,0.000000000,0.000000000,1.000000000
27,1790406430718458000,RL_thigh,1790406430164258517,1790406430858130724,0.798705406,554.199483,139.672724,693.872207,1,-0.156797855,0.980549548,0.118054082,0.256715312,0.722719165,0.195384971,-0.662949786,0.843331879,-0.673120977,-0.018629441,-0.739297582,0.723300088,0.000000000,0.000000000,0.000000000,1.000000000
27,1790406430718458000,RL_calf,1790406430164258517,1790406430858130724,0.798705406,554.199483,139.672724,693.872207,1,0.119762620,0.980536566,0.155578618,0.231526358,-0.668670623,0.195498587,-0.717398492,0.984405675,-0.733850542,-0.018113613,0.679069289,0.880653622,0.000000000,0.000000000,0.000000000,1.000000000
27,1790406430718458000,RL_calflower,1790406430164258517,1790406430858130724,0.798705406,554.199483,139.672724,693.872207,1,0.111837258,0.980536566,0.161369822,0.211070988,-0.631979979,0.195498587,-0.749921533,1.076745508,-0.766872739,-0.018113613,0.641543388,0.765990458,0.000000000,0.000000000,0.000000000,1.000000000
27,1790406430718458000,RL_calflower1,1790406430164258517,1790406430858130724,0.798705406,554.199483,139.672724,693.872207,1,0.024681857,0.980536566,0.194778330,0.203540144,-0.214264885,0.195498587,-0.957011786,1.112884238,-0.976463603,-0.018113613,0.214919867,0.748073977,0.000000000,0.000000000,0.000000000,1.000000000
27,1790406430718458000,RL_foot,1790406430164258517,1790406430858130724,0.798705406,554.199483,139.672724,693.872207,1,0.119762620,0.980536566,0.155578618,0.198632794,-0.668670623,0.195498587,-0.717398492,1.136455863,-0.733850542,-0.018113613,0.679069289,0.736653172,0.000000000,0.000000000,0.000000000,1.000000000
27,1790406430718458000,RR_hip,1790406430164258517,1790406430858130724,0.798705406,554.199483,139.672724,693.872207,1,0.017398660,0.994091709,0.107138738,0.070877752,-0.182868104,0.108511275,-0.977131136,0.812603297,-0.982983388,-0.002591763,0.183675697,0.725727397,0.000000000,0.000000000,0.000000000,1.000000000
27,1790406430718458000,RR_thigh,1790406430164258517,1790406430858130724,0.798705406,554.199483,139.672724,693.872207,1,-0.075478301,0.994092147,0.077997298,-0.024028858,0.673776228,0.108506668,-0.730925848,0.802243296,-0.735070737,-0.002616594,-0.677985240,0.725974900,0.000000000,0.000000000,0.000000000,1.000000000
27,1790406430718458000,RR_calf,1790406430164258517,1790406430858130724,0.798705406,554.199483,139.672724,693.872207,1,0.070334688,0.994093132,0.082653645,-0.040634251,-0.662804934,0.108496261,-0.740890598,0.957892293,-0.745481539,-0.002673212,0.666520780,0.870392626,0.000000000,0.000000000,0.000000000,1.000000000
27,1790406430718458000,RR_calflower,1790406430164258517,1790406430858130724,0.798705406,554.199483,139.672724,693.872207,1,0.066115828,0.994093132,0.086065619,-0.051464496,-0.624947504,0.108496261,-0.773091117,1.054250362,-0.777862035,-0.002673212,0.628429255,0.756846930,0.000000000,0.000000000,0.000000000,1.000000000
27,1790406430718458000,RR_calflower1,1790406430164258517,1790406430858130724,0.798705406,554.199483,139.672724,693.872207,1,0.018901093,0.994093132,0.106870679,-0.055567893,-0.197327885,0.108496262,-0.974315639,1.091410594,-0.980155219,-0.002673212,0.198213068,0.739490999,0.000000000,0.000000000,0.000000000,1.000000000
27,1790406430718458000,RR_foot,1790406430164258517,1790406430858130724,0.798705406,554.199483,139.672724,693.872207,1,0.070334688,0.994093132,0.082653645,-0.058243019,-0.662804934,0.108496261,-0.740890598,1.115643073,-0.745481539,-0.002673212,0.666520780,0.728437029,0.000000000,0.000000000,0.000000000,1.000000000
28,1790406430786457000,FL_hip,1790406430164258517,1790406430858130724,0.896704720,622.198483,71.673724,693.872207,1,0.023334358,0.981859479,0.188168071,0.170954324,-0.200884825,0.188985320,-0.961213050,0.758165368,-0.979336812,-0.015371107,0.201650588,0.333858476,0.000000000,0.000000000,0.000000000,1.000000000
28,1790406430786457000,FL_thigh,1790406430164258517,1790406430858130724,0.896704720,622.198483,71.673724,693.872207,1,0.064849467,0.981861113,0.178165800,0.264710015,-0.411243848,0.188971036,-0.891722567,0.776211344,-0.909215546,-0.015442142,0.416039004,0.332390687,0.000000000,0.000000000,0.000000000,1.000000000
28,1790406430786457000,FL_calf,1790406430164258517,1790406430858130724,0.896704720,622.198483,71.673724,693.872207,1,0.164431642,0.981851572,-0.094495915,0.226763146,-0.808975687,0.189049815,0.556614047,0.966114485,0.564376744,-0.015080350,0.825379486,0.243783352,0.000000000,0.000000000,0.000000000,1.000000000
28,1790406430786457000,FL_calflower,1790406430164258517,1790406430858130724,0.896704720,622.198483,71.673724,693.872207,1,0.168948972,0.981851572,-0.086159663,0.244063491,-0.835783786,0.189049815,0.515486492,0.867638114,0.522419639,-0.015080349,0.852555057,0.132992271,0.000000000,0.000000000,0.000000000,1.000000000
28,1790406430786457000,FL_calflower1,1790406430164258517,1790406430858130724,0.896704720,622.198483,71.673724,693.872207,1,0.189643619,0.981851572,0.001593933,0.245831368,-0.979376902,0.189049815,0.071286353,0.855386624,0.069691396,-0.015080349,0.997454517,0.093693493,0.000000000,0.000000000,0.000000000,1.000000000
28,1790406430786457000,FL_foot,1790406430164258517,1790406430858130724,0.896704720,622.198483,71.673724,693.872207,1,0.164431642,0.981851572,-0.094495915,0.246935242,-0.808975687,0.189049815,0.556614047,0.847654239,0.564376744,-0.015080350,0.825379486,0.068100679,0.000000000,0.000000000,0.000000000,1.000000000
28,1790406430786457000,FR_hip,1790406430164258517,1790406430858130724,0.896704720,622.198483,71.673724,693.872207,1,0.023334358,0.999549757,0.018855816,0.078681004,-0.200884825,0.023164131,-0.979341310,0.746563677,-0.979336812,0.019064183,0.201335013,0.334039711,0.000000000,0.000000000,0.000000000,1.000000000
28,1790406430786457000,FR_thigh,1790406430164258517,1790406430858130724,0.896704720,622.198483,71.673724,693.872207,1,0.028453241,0.999552733,0.009192259,-0.016772232,-0.541370146,0.023139773,-0.840466304,0.744351561,-0.840302744,0.018937305,0.541786396,0.332219159,0.000000000,0.000000000,0.000000000,1.000000000
28,1790406430786457000,FR_calf,1790406430164258517,1790406430858130724,0.896704720,622.198483,71.673724,693.872207,1,0.007144234,0.999550344,-0.029117378,-0.018740879,-0.800755611,0.023159131,0.598543898,0.923288659,0.598949053,0.019039495,0.800560648,0.216870590,0.000000000,0.000000000,0.000000000,1.000000000
28,1790406430786457000,FR_calflower,1790406430164258517,1790406430858130724,0.896704720,622.198483,71.673724,693.872207,1,0.008590567,0.999550344,-0.028723925,-0.014291864,-0.829669602,0.023159131,0.557774774,0.818693862,0.558189167,0.019039495,0.829495132,0.110367593,0.000000000,0.000000000,0.000000000,1.000000000
28,1790406430786457000,FR_calflower1,1790406430164258517,1790406430858130724,0.896704720,622.198483,71.673724,693.872207,1,0.020883900,0.999550344,-0.021511031,-0.013229858,-0.993481500,0.023159131,0.111619249,0.804680021,0.112067379,0.019039495,0.993518103,0.071606448,0.000000000,0.000000000,0.000000000,1.000000000
28,1790406430786457000,FR_foot,1790406430164258517,1790406430858130724,0.896704720,622.198483,71.673724,693.872207,1,0.007144234,0.999550344,-0.029117378,-0.012543845,-0.800755611,0.023159131,0.598543898,0.795804357,0.598949053,0.019039495,0.800560648,0.046353083,0.000000000,0.000000000,0.000000000,1.000000000
28,1790406430786457000,RL_hip,1790406430164258517,1790406430858130724,0.896704720,622.198483,71.673724,693.872207,1,0.023334358,0.980801588,0.193606573,0.161928594,-0.200884825,0.194309388,-0.960150947,0.835867619,-0.979336812,-0.016488403,0.201562305,0.712665955,0.000000000,0.000000000,0.000000000,1.000000000
28,1790406430786457000,RL_thigh,1790406430164258517,1790406430858130724,0.896704720,622.198483,71.673724,693.872207,1,-0.151002136,0.980796252,0.123437506,0.255586046,0.703859903,0.194353267,-0.683234028,0.854422474,-0.694103732,-0.016287373,-0.719690595,0.711091442,0.000000000,0.000000000,0.000000000,1.000000000
28,1790406430786457000,RL_calf,1790406430164258517,1790406430858130724,0.896704720,622.198483,71.673724,693.872207,1,0.127003269,0.980786420,0.148080789,0.229269043,-0.698585691,0.194427374,-0.688604909,0.999872495,-0.704164987,-0.015992332,0.709856139,0.864319712,0.000000000,0.000000000,0.000000000,1.000000000
28,1790406430786457000,RL_calflower,1790406430164258517,1790406430858130724,0.896704720,622.198483,71.673724,693.872207,1,0.119443593,0.980786420,0.154243244,0.209990584,-0.663296739,0.194427374,-0.722659065,1.087555813,-0.738762984,-0.015992332,0.673775423,0.745482638,0.000000000,0.000000000,0.000000000,1.000000000
28,1790406430786457000,RL_calflower1,1790406430164258517,1790406430858130724,0.896704720,622.198483,71.673724,693.872207,1,0.034719543,0.980786420,0.191969539,0.202650068,-0.254631933,0.194427374,-0.947291543,1.122993745,-0.966414475,-0.015992332,0.256490018,0.725966184,0.000000000,0.000000000,0.000000000,1.000000000
28,1790406430786457000,RL_foot,1790406430164258517,1790406430858130724,0.896704720,622.198483,71.673724,693.872207,1,0.127003269,0.980786420,0.148080789,0.197864199,-0.698585691,0.194427374,-0.688604909,1.146119309,-0.704164987,-0.015992332,0.709856139,0.713502121,0.000000000,0.000000000,0.000000000,1.000000000
28,1790406430786457000,RR_hip,1790406430164258517,1790406430858130724,0.896704720,622.198483,71.673724,693.872207,1,0.023334358,0.994003573,0.106827692,0.069655274,-0.200884825,0.109339203,-0.973494180,0.824265928,-0.979336812,0.001255520,0.202231684,0.712847190,0.000000000,0.000000000,0.000000000,1.000000000
28,1790406430786457000,RR_thigh,1790406430164258517,1790406430858130724,0.896704720,622.198483,71.673724,693.872207,1,-0.071714023,0.994003911,0.082541349,-0.025255270,0.660457706,0.109336290,-0.742860610,0.813825610,-0.747430989,0.001241267,-0.664338165,0.712727365,0.000000000,0.000000000,0.000000000,1.000000000
28,1790406430786457000,RR_calf,1790406430164258517,1790406430858130724,0.896704720,622.198483,71.673724,693.872207,1,0.075149968,0.994004674,0.079416253,-0.042832046,-0.675133530,0.109329719,-0.729549465,0.972032969,-0.733857800,0.001208764,0.679301913,0.854235780,0.000000000,0.000000000,0.000000000,1.000000000
28,1790406430786457000,RR_calflower,1790406430164258517,1790406430858130724,0.896704720,622.198483,71.673724,693.872207,1,0.071086892,0.994004674,0.083072937,-0.053085174,-0.637827513,0.109329719,-0.762380330,1.066482037,-0.766891614,0.001208764,0.641775360,0.739027500,0.000000000,0.000000000,0.000000000,1.000000000
28,1790406430786457000,RR_calflower1,1790406430164258517,1790406430858130724,0.896704720,622.198483,71.673724,693.872207,1,0.024692360,0.994004674,0.106511719,-0.057118772,-0.213698405,0.109329719,-0.970762946,1.103348128,-0.976587465,0.001208764,0.215116908,0.721027043,0.000000000,0.000000000,0.000000000,1.000000000
28,1790406430786457000,RR_foot,1790406430164258517,1790406430858130724,0.896704720,622.198483,71.673724,693.872207,1,0.075149968,0.994004674,0.079416253,-0.059749906,-0.675133530,0.109329719,-0.729549465,1.127393210,-0.733857800,0.001208764,0.679301913,0.709552739,0.000000000,0.000000000,0.000000000,1.000000000
29,1790406430850459000,FL_hip,1790406430164258517,1790406430858130724,0.988943607,686.200483,7.671724,693.872207,1,0.025490348,0.981878491,0.187788775,0.181772787,-0.212557790,0.188877781,-0.958720532,0.760651791,-0.976815861,-0.015478134,0.213520555,0.321358476,0.000000000,0.000000000,0.000000000,1.000000000
29,1790406430850459000,FL_thigh,1790406430164258517,1790406430858130724,0.988943607,686.200483,7.671724,693.872207,1,0.066436800,0.981878701,0.177482733,0.275540779,-0.419599046,0.188876003,-0.887841870,0.778689373,-0.905274908,-0.015486500,0.424543680,0.319880331,0.000000000,0.000000000,0.000000000,1.000000000
29,1790406430850459000,FL_calf,1790406430164258517,1790406430858130724,0.988943607,686.200483,7.671724,693.872207,1,0.162243533,0.981877461,-0.097946105,0.237737230,-0.795667534,0.188885931,0.575531033,0.967795717,0.583601524,-0.015443940,0.811893202,0.229453631,0.000000000,0.000000000,0.000000000,1.000000000
29,1790406430850459000,FL_calflower,1790406430164258517,1790406430858130724,0.988943607,686.200483,7.671724,693.872207,1,0.166936035,0.981877461,-0.089714901,0.255481229,-0.823437719,0.188885931,0.535044967,0.866713588,0.542294427,-0.015443939,0.840046466,0.120974481,0.000000000,0.000000000,0.000000000,1.000000000
29,1790406430850459000,FL_calflower1,1790406430164258517,1790406430858130724,0.988943607,686.200483,7.671724,693.872207,1,0.189499888,0.981877461,-0.002489077,0.257401753,-0.977457700,0.188885931,0.094335778,0.853547409,0.093096438,-0.015443939,0.995537224,0.081952923,0.000000000,0.000000000,0.000000000,1.000000000
29,1790406430850459000,FL_foot,1790406430164258517,1790406430858130724,0.988943607,686.200483,7.671724,693.872207,1,0.162243533,0.981877461,-0.097946105,0.258604985,-0.795667534,0.188885931,0.575531033,0.845219449,0.583601524,-0.015443940,0.811893202,0.056534752,0.000000000,0.000000000,0.000000000,1.000000000
29,1790406430850459000,FR_hip,1790406430164258517,1790406430858130724,0.988943607,686.200483,7.671724,693.872207,1,0.025490348,0.999541203,0.016351717,0.089446343,-0.212557790,0.021402124,-0.976914441,0.749479279,-0.976815861,0.021425934,0.213005937,0.321380381,0.000000000,0.000000000,0.000000000,1.000000000
29,1790406430850459000,FR_thigh,1790406430164258517,1790406430858130724,0.988943607,686.200483,7.671724,693.872207,1,0.029609402,0.999541587,0.006296871,-0.006009397,-0.543999618,0.021399114,-0.838812961,0.747435382,-0.838562830,0.021410984,0.544383851,0.319334214,0.000000000,0.000000000,0.000000000,1.000000000
29,1790406430850459000,FR_calf,1790406430164258517,1790406430858130724,0.988943607,686.200483,7.671724,693.872207,1,0.004002817,0.999541278,-0.030016041,-0.007351947,-0.794636480,0.021401501,0.606708769,0.926092896,0.607072814,0.021423026,0.794357274,0.203386667,0.000000000,0.000000000,0.000000000,1.000000000
29,1790406430850459000,FR_calflower,1790406430164258517,1790406430858130724,0.988943607,686.200483,7.671724,693.872207,1,0.005497991,0.999541278,-0.029778471,-0.002829898,-0.823966191,0.021401501,0.566235270,0.820407839,0.566612814,0.021423027,0.823705529,0.097963357,0.000000000,0.000000000,0.000000000,1.000000000
29,1790406430850459000,FR_calflower1,1790406430164258517,1790406430858130724,0.988943607,686.200483,7.671724,693.872207,1,0.018627768,0.999541278,-0.023874495,-0.001693862,-0.992329484,0.021401501,0.121757381,0.805998145,0.122212630,0.021423026,0.992272620,0.059349072,0.000000000,0.000000000,0.000000000,1.000000000
29,1790406430850459000,FR_foot,1790406430164258517,1790406430858130724,0.988943607,686.200483,7.671724,693.872207,1,0.004002817,0.999541278,-0.030016041,-0.000959115,-0.794636480,0.021401501,0.606708769,0.796864588,0.607072814,0.021423026,0.794357274,0.034188783,0.000000000,0.000000000,0.000000000,1.000000000
29,1790406430850459000,RL_hip,1790406430164258517,1790406430858130724,0.988943607,686.200483,7.671724,693.872207,1,0.025490348,0.980938546,0.192638424,0.171913121,-0.212557790,0.193612983,-0.957775490,0.842869145,-0.976815861,-0.016533055,0.213441463,0.699190851,0.000000000,0.000000000,0.000000000,1.000000000
29,1790406430850459000,RL_thigh,1790406430164258517,1790406430858130724,0.988943607,686.200483,7.671724,693.872207,1,-0.148002268,0.980937853,0.125920648,0.265591677,0.689365480,0.193618515,-0.698060023,0.861358988,-0.709133946,-0.016509406,-0.704880353,0.697611959,0.000000000,0.000000000,0.000000000,1.000000000
29,1790406430850459000,RL_calf,1790406430164258517,1790406430858130724,0.988943607,686.200483,7.671724,693.872207,1,0.131102454,0.980936556,0.143441177,0.238767646,-0.721980631,0.193628032,-0.664268653,1.010036364,-0.679379322,-0.016474789,0.733602170,0.847743832,0.000000000,0.000000000,0.000000000,1.000000000
29,1790406430850459000,RL_calflower,1790406430164258517,1790406430858130724,0.988943607,686.200483,7.671724,693.872207,1,0.123769539,0.980936556,0.149814305,0.220171653,-0.687878748,0.193628032,-0.699522482,1.093878660,-0.715195102,-0.016474789,0.698730545,0.725619741,0.000000000,0.000000000,0.000000000,1.000000000
29,1790406430850459000,RL_calflower1,1790406430164258517,1790406430858130724,0.988943607,686.200483,7.671724,693.872207,1,0.040601827,0.980936556,0.190038724,0.212944115,-0.287120042,0.193628032,-0.938120971,1.128726478,-0.957033639,-0.016474789,0.289508241,0.704828250,0.000000000,0.000000000,0.000000000,1.000000000
29,1790406430850459000,RL_foot,1790406430164258517,1790406430858130724,0.988943607,686.200483,7.671724,693.872207,1,0.131102454,0.980936556,0.143441177,0.208230421,-0.721980631,0.193628032,-0.664268653,1.151476123,-0.679379322,-0.016474789,0.733602170,0.691532652,0.000000000,0.000000000,0.000000000,1.000000000
29,1790406430850459000,RR_hip,1790406430164258517,1790406430858130724,0.988943607,686.200483,7.671724,693.872207,1,0.025490348,0.993897615,0.107319734,0.079586677,-0.212557790,0.110288356,-0.970904915,0.831696633,-0.976815861,0.001936778,0.214072064,0.699212756,0.000000000,0.000000000,0.000000000,1.000000000
29,1790406430850459000,RR_thigh,1790406430164258517,1790406430858130724,0.988943607,686.200483,7.671724,693.872207,1,-0.070852060,0.993897659,0.084541009,-0.015328562,0.651758415,0.110287993,-0.750365389,0.821164275,-0.755110137,0.001935100,-0.655594968,0.699027806,0.000000000,0.000000000,0.000000000,1.000000000
29,1790406430850459000,RR_calf,1790406430164258517,1790406430858130724,0.988943607,686.200483,7.671724,693.872207,1,0.077164571,0.993897757,0.078820239,-0.033335271,-0.682673782,0.110287174,-0.722353055,0.980989517,-0.726637606,0.001931272,0.687018112,0.838670084,0.000000000,0.000000000,0.000000000,1.000000000
29,1790406430850459000,RR_calflower,1790406430164258517,1790406430858130724,0.988943607,686.200483,7.671724,693.872207,1,0.073128765,0.993897757,0.082578356,-0.043457682,-0.645718012,0.110287174,-0.755569770,1.074241753,-0.760066093,0.001931272,0.649842774,0.722459335,0.000000000,0.000000000,0.000000000,1.000000000
29,1790406430850459000,RR_calflower1,1790406430164258517,1790406430858130724,0.988943607,686.200483,7.671724,693.872207,1,0.026731878,0.993897757,0.107015923,-0.047492084,-0.223842212,0.110287174,-0.968365681,1.110920854,-0.974258626,0.001931272,0.225424548,0.704066488,0.000000000,0.000000000,0.000000000,1.000000000
29,1790406430850459000,RR_foot,1790406430164258517,1790406430858130724,0.988943607,686.200483,7.671724,693.872207,1,0.077164571,0.993897757,0.078820239,-0.050124255,-0.682673782,0.110287174,-0.722353055,1.134846740,-0.726637606,0.001931272,0.687018112,0.692336246,0.000000000,0.000000000,0.000000000,1.000000000
30,1790406430918457000,FL_hip,1790406430858130724,1790406430926212269,0.886088528,60.326276,7.755269,68.081545,0,0.020834989,0.980005956,0.197873640,0.193264368,-0.190950766,0.198173894,-0.961387338,0.759937815,-0.981378370,-0.017753916,0.191261889,0.326692645,0.000000000,0.000000000,0.000000000,1.000000000
30,1790406430918457000,FL_thigh,1790406430858130724,1790406430926212269,0.886088528,60.326276,7.755269,68.081545,0,0.076002257,0.980003519,0.183892656,0.286850773,-0.454817288,0.198195338,-0.868251429,0.778862612,-0.887335785,-0.017648779,0.460785788,0.324997215,0.000000000,0.000000000,0.000000000,1.000000000
30,1790406430918457000,FL_calf,1790406430858130724,1790406430926212269,0.886088528,60.326276,7.755269,68.081545,0,0.178802650,0.980007883,-0.087257721,0.247698944,-0.837821741,0.198155438,0.508713922,0.963744030,0.515834177,-0.017853270,0.856502294,0.226876115,0.000000000,0.000000000,0.000000000,1.000000000
30,1790406430918457000,FL_calflower,1790406430858130724,1790406430926212269,0.886088528,60.326276,7.755269,68.081545,0,0.182940261,0.980007883,-0.078212263,0.264171834,-0.862199781,0.198155438,0.466204527,0.871720175,0.472382246,-0.017853269,0.881212853,0.110456464,0.000000000,0.000000000,0.000000000,1.000000000
30,1790406430918457000,FL_calflower1,1790406430858130724,1790406430926212269,0.886088528,60.326276,7.755269,68.081545,0,0.198383877,0.980007883,0.015104123,0.265466492,-0.980050370,0.198155438,0.015375144,0.861695803,0.012074909,-0.017853269,0.999767610,0.070493313,0.000000000,0.000000000,0.000000000,1.000000000
30,1790406430918457000,FL_foot,1790406430858130724,1790406430926212269,0.886088528,60.326276,7.755269,68.081545,0,0.178802650,0.980007883,-0.087257721,0.266260238,-0.837821741,0.198155438,0.508713922,0.855413130,0.515834177,-0.017853270,0.856502294,0.044482298,0.000000000,0.000000000,0.000000000,1.000000000
30,1790406430918457000,FR_hip,1790406430858130724,1790406430926212269,0.886088528,60.326276,7.755269,68.081545,0,0.020834989,0.998779963,0.044768698,0.100759336,-0.190950766,0.047929396,-0.980429130,0.750356229,-0.981378370,0.011878336,0.191716502,0.326593086,0.000000000,0.000000000,0.000000000,1.000000000
30,1790406430918457000,FR_thigh,1790406430858130724,1790406430926212269,0.886088528,60.326276,7.755269,68.081545,0,0.034405802,0.998781328,0.035381451,0.005388117,-0.504445182,0.047916991,-0.862113520,0.745779404,-0.862757910,0.011813428,0.505479029,0.325458881,0.000000000,0.000000000,0.000000000,1.000000000
30,1790406430918457000,FR_calf,1790406430858130724,1790406430926212269,0.886088528,60.326276,7.755269,68.081545,0,0.031896588,0.998780235,-0.037688170,-0.002151929,-0.809767139,0.047926910,0.584791324,0.929377922,0.585884237,0.011865517,0.810307773,0.217800325,0.000000000,0.000000000,0.000000000,1.000000000
30,1790406430918457000,FR_calflower,1790406430858130724,1790406430926212269,0.886088528,60.326276,7.755269,68.081545,0,0.033740349,0.998780235,-0.036046904,0.004061874,-0.837982525,0.047926910,0.543588998,0.826643697,0.544653526,0.011865517,0.838577107,0.109590603,0.000000000,0.000000000,0.000000000,1.000000000
30,1790406430918457000,FR_calflower1,1790406430858130724,1790406430926212269,0.886088528,60.326276,7.755269,68.081545,0,0.046573228,0.998780235,-0.016392830,0.005165789,-0.994304325,0.047926910,0.095197801,0.813280688,0.095867467,0.011865517,0.995323292,0.070600886,0.000000000,0.000000000,0.000000000,1.000000000
30,1790406430918457000,FR_foot,1790406430858130724,1790406430926212269,0.886088528,60.326276,7.755269,68.081545,0,0.031896588,0.998780235,-0.037688170,0.005872754,-0.809767139,0.047926910,0.584791324,0.804828770,0.585884237,0.011865517,0.810307773,0.045202759,0.000000000,0.000000000,0.000000000,1.000000000
30,1790406430918457000,RL_hip,1790406430858130724,1790406430926212269,0.886088528,60.326276,7.755269,68.081545,0,0.020834989,0.982390673,0.185672341,0.185205394,-0.190950766,0.186204087,-0.963777227,0.833797571,-0.981378370,-0.015374275,0.191467866,0.706289798,0.000000000,0.000000000,0.000000000,1.000000000
30,1790406430918457000,RL_thigh,1790406430858130724,1790406430926212269,0.886088528,60.326276,7.755269,68.081545,0,-0.144235203,0.982390640,0.118762729,0.279023216,0.703516676,0.186204389,-0.685851962,0.851579971,-0.695888550,-0.015372724,-0.717985113,0.704821562,0.000000000,0.000000000,0.000000000,1.000000000
30,1790406430918457000,RL_calf,1790406430858130724,1790406430926212269,0.886088528,60.326276,7.755269,68.081545,0,0.115256807,0.982391318,0.147047320,0.253726599,-0.668869268,0.186197953,-0.719683906,0.997665735,-0.734390816,-0.015407252,0.678551813,0.857752438,0.000000000,0.000000000,0.000000000,1.000000000
30,1790406430918457000,RL_calflower,1790406430858130724,1790406430926212269,0.886088528,60.326276,7.755269,68.081545,0,0.107763463,0.982391318,0.152623989,0.234269700,-0.632064152,0.186197953,-0.752214019,1.090780621,-0.767386475,-0.015407252,0.640999557,0.742664401,0.000000000,0.000000000,0.000000000,1.000000000
30,1790406430918457000,RL_calflower1,1790406430858130724,1790406430926212269,0.886088528,60.326276,7.755269,68.081545,0,0.025107064,0.982391318,0.185139626,0.227088288,-0.213280924,0.186197953,-0.959084079,1.127181725,-0.976668154,-0.015407252,0.214200259,0.724702356,0.000000000,0.000000000,0.000000000,1.000000000
30,1790406430918457000,RL_foot,1790406430858130724,1790406430926212269,0.886088528,60.326276,7.755269,68.081545,0,0.115256807,0.982391318,0.147047320,0.222408448,-0.668869268,0.186197953,-0.719683906,1.150924082,-0.734390816,-0.015407252,0.678551813,0.713253021,0.000000000,0.000000000,0.000000000,1.000000000
30,1790406430918457000,RR_hip,1790406430858130724,1790406430926212269,0.886088528,60.326276,7.755269,68.081545,0,0.020834989,0.997776841,0.063301079,0.092700362,-0.190950766,0.066120590,-0.979370498,0.824215985,-0.981378370,0.008317506,0.191903963,0.706190239,0.000000000,0.000000000,0.000000000,1.000000000
30,1790406430918457000,RR_thigh,1790406430858130724,1790406430926212269,0.886088528,60.326276,7.755269,68.081545,0,-0.038171706,0.997776953,0.054624363,-0.002582432,0.669313566,0.066119564,-0.740032603,0.817901833,-0.741999084,0.008312242,-0.670349224,0.705395951,0.000000000,0.000000000,0.000000000,1.000000000
30,1790406430918457000,RR_calf,1790406430858130724,1790406430926212269,0.886088528,60.326276,7.755269,68.081545,0,0.048920556,0.997775483,0.045283687,-0.014216033,-0.640992110,0.066132876,-0.764693572,0.975522344,-0.765986900,0.008382471,0.642801384,0.848181522,0.000000000,0.000000000,0.000000000,1.000000000
30,1790406430918457000,RR_calflower,1790406430858130724,1790406430926212269,0.886088528,60.326276,7.755269,68.081545,0,0.046596177,0.997775483,0.047672103,-0.019932609,-0.601972287,0.066132876,-0.795774157,1.075863202,-0.797156296,0.008382470,0.603714661,0.737737843,0.000000000,0.000000000,0.000000000,1.000000000
30,1790406430918457000,RR_calflower1,1790406430858130724,1790406430926212269,0.886088528,60.326276,7.755269,68.081545,0,0.019316588,0.997775483,0.063802057,-0.022304470,-0.166474428,0.066132876,-0.983825903,1.113708711,-0.985856445,0.008382470,0.167381662,0.721562620,0.000000000,0.000000000,0.000000000,1.000000000
30,1790406430918457000,RR_foot,1790406430858130724,1790406430926212269,0.886088528,60.326276,7.755269,68.081545,0,0.048920556,0.997775483,0.045283687,-0.023852849,-0.640992110,0.066132876,-0.764693572,1.138379569,-0.765986900,0.008382471,0.642801384,0.711278443,0.000000000,0.000000000,0.000000000,1.000000000
31,1790406430986454000,FL_hip,1790406430960213896,1790406431030162561,0.375133736,26.240104,43.708561,69.948665,0,0.008667002,0.974114655,0.225887730,0.195720825,-0.191332620,0.223338018,-0.955778560,0.755439116,-0.981486887,-0.034936239,0.188315630,0.333481759,0.000000000,0.000000000,0.000000000,1.000000000
31,1790406430986454000,FL_thigh,1790406430960213896,1790406431030162561,0.375133736,26.240104,43.708561,69.948665,0,0.076548828,0.974114682,0.212698396,0.288748447,-0.471330942,0.223337412,-0.853210548,0.776767821,-0.878628099,-0.034939351,0.476226555,0.330145360,0.000000000,0.000000000,0.000000000,1.000000000
31,1790406430986454000,FL_calf,1790406430960213896,1790406431030162561,0.375133736,26.240104,43.708561,69.948665,0,0.210774953,0.974114595,-0.081697114,0.243443779,-0.841521949,0.223339316,0.491895371,0.958500421,0.497408577,-0.034929592,0.866812816,0.228709535,0.000000000,0.000000000,0.000000000,1.000000000
31,1790406430986454000,FL_calflower,1790406430960213896,1790406431030162561,0.375133736,26.240104,43.708561,69.948665,0,0.214594693,0.974114595,-0.071060657,0.259751068,-0.865054787,0.223339316,0.449222062,0.868871061,0.453464361,-0.034929592,0.890589593,0.110370878,0.000000000,0.000000000,0.000000000,1.000000000
31,1790406430986454000,FL_calflower1,1790406430960213896,1790406431030162561,0.375133736,26.240104,43.708561,69.948665,0,0.223158735,0.974114595,0.036064918,0.260447809,-0.974740598,0.223339317,-0.001006598,0.859552914,-0.009035142,-0.034929592,0.999348846,0.070213163,0.000000000,0.000000000,0.000000000,1.000000000
31,1790406430986454000,FL_foot,1790406430960213896,1790406431030162561,0.375133736,26.240104,43.708561,69.948665,0,0.210774953,0.974114595,-0.081697114,0.260846314,-0.841521949,0.223339316,0.491895371,0.853728607,0.497408577,-0.034929592,0.866812816,0.044080719,0.000000000,0.000000000,0.000000000,1.000000000
31,1790406430986454000,FR_hip,1790406430960213896,1790406431030162561,0.375133736,26.240104,43.708561,69.948665,0,0.008667002,0.999579634,-0.027661949,0.103410955,-0.191332620,-0.025494282,-0.981194459,0.744214127,-0.981486887,0.013796386,0.191031351,0.334854861,0.000000000,0.000000000,0.000000000,1.000000000
31,1790406430986454000,FR_thigh,1790406430960213896,1790406431030162561,0.375133736,26.240104,43.708561,69.948665,0,0.003473338,0.999560443,-0.029438093,0.008150333,-0.429241642,-0.025098150,-0.902841289,0.746641574,-0.903182929,0.015771666,0.428965824,0.333540480,0.000000000,0.000000000,0.000000000,1.000000000
31,1790406430986454000,FR_calf,1790406430960213896,1790406431030162561,0.375133736,26.240104,43.708561,69.948665,0,-0.026184623,0.999604835,0.010211977,0.014486933,-0.732297944,-0.026134446,0.680483217,0.938145434,0.680481124,0.010339727,0.732692539,0.242430067,0.000000000,0.000000000,0.000000000,1.000000000
31,1790406430986454000,FR_calflower,1790406430960213896,1790406431030162561,0.375133736,26.240104,43.708561,69.948665,0,-0.026662285,0.999604835,0.008890529,0.012084663,-0.765392748,-0.026134446,0.643033148,0.823692692,0.643011335,0.010339727,0.765786746,0.148103398,0.000000000,0.000000000,0.000000000,1.000000000
31,1790406430986454000,FR_calflower1,1790406430960213896,1790406431030162561,0.375133736,26.240104,43.708561,69.948665,0,-0.027754773,0.999604835,-0.004426234,0.011859549,-0.975838798,-0.026134446,0.216924705,0.805764800,0.216723417,0.010339727,0.976178199,0.111251365,0.000000000,0.000000000,0.000000000,1.000000000
31,1790406430986454000,FR_foot,1790406430960213896,1790406431030162561,0.375133736,26.240104,43.708561,69.948665,0,-0.026184623,0.999604835,0.010211977,0.011719753,-0.732297944,-0.026134446,0.680483217,0.794335631,0.680481124,0.010339727,0.732692539,0.087215119,0.000000000,0.000000000,0.000000000,1.000000000
31,1790406430986454000,RL_hip,1790406430960213896,1790406431030162561,0.375133736,26.240104,43.708561,69.948665,0,0.008667002,0.980428572,0.196683612,0.192368429,-0.191332620,0.194682859,-0.962024485,0.829446573,-0.981486887,-0.029294404,0.189275342,0.713120887,0.000000000,0.000000000,0.000000000,1.000000000
31,1790406430986454000,RL_thigh,1790406430960213896,1790406431030162561,0.375133736,26.240104,43.708561,69.948665,0,-0.151634577,0.980428713,0.125563680,0.285999295,0.651766527,0.194679579,-0.733008153,0.848038773,-0.743106770,-0.029311458,-0.668530472,0.710323273,0.000000000,0.000000000,0.000000000,1.000000000
31,1790406430986454000,RL_calf,1790406430960213896,1790406431030162561,0.375133736,26.240104,43.708561,69.948665,0,0.108253453,0.980428645,0.164440282,0.259269215,-0.657414412,0.194681202,-0.727946575,1.004099455,-0.745712791,-0.029302962,0.665622713,0.852656521,0.000000000,0.000000000,0.000000000,1.000000000
31,1790406430986454000,RL_calflower,1790406430960213896,1790406431030162561,0.375133736,26.240104,43.708561,69.948665,0,0.099899576,0.980428645,0.169645193,0.237098843,-0.620210650,0.194681202,-0.759893858,1.098676339,-0.778048114,-0.029302963,0.627520752,0.739243026,0.000000000,0.000000000,0.000000000,1.000000000
31,1790406430986454000,RL_calflower1,1790406430960213896,1790406431030162561,0.375133736,26.240104,43.708561,69.948665,0,0.010271799,0.980428645,0.196605968,0.229314839,-0.199220539,0.194681202,-0.960422357,1.135270014,-0.979900743,-0.029302962,0.197321305,0.721924658,0.000000000,0.000000000,0.000000000,1.000000000
31,1790406430986454000,RL_foot,1790406430960213896,1790406431030162561,0.375133736,26.240104,43.708561,69.948665,0,0.108253453,0.980428645,0.164440282,0.224246478,-0.657414412,0.194681202,-0.727946575,1.159134240,-0.745712791,-0.029302962,0.665622713,0.710895049,0.000000000,0.000000000,0.000000000,1.000000000
31,1790406430986454000,RR_hip,1790406430960213896,1790406431030162561,0.375133736,26.240104,43.708561,69.948665,0,0.008667002,0.998151128,0.060157734,0.100058559,-0.191332620,0.060703743,-0.979646661,0.818221584,-0.981486887,-0.003019808,0.191505086,0.714493989,0.000000000,0.000000000,0.000000000,1.000000000
31,1790406430986454000,RR_thigh,1790406430960213896,1790406431030162561,0.375133736,26.240104,43.708561,69.948665,0,-0.041994753,0.998150977,0.043941002,0.004749651,0.653084830,0.060707070,-0.754848033,0.812425303,-0.756119702,-0.003002726,-0.654426318,0.714782328,0.000000000,0.000000000,0.000000000,1.000000000
31,1790406430986454000,RR_calf,1790406430960213896,1790406431030162561,0.375133736,26.240104,43.708561,69.948665,0,0.037893298,0.998150979,0.047523315,-0.004611407,-0.660149723,0.060707031,-0.748677297,0.973187804,-0.750177641,-0.003002922,0.661229397,0.854178702,0.000000000,0.000000000,0.000000000,1.000000000
31,1790406430986454000,RR_calflower,1790406430960213896,1790406431030162561,0.375133736,26.240104,43.708561,69.948665,0,0.035470765,0.998150979,0.049357799,-0.010884267,-0.621906439,0.060707032,-0.780735380,1.070771412,-0.782287810,-0.003002922,0.622909777,0.741316839,0.000000000,0.000000000,0.000000000,1.000000000
31,1790406430986454000,RR_calflower1,1790406430960213896,1790406431030162561,0.375133736,26.240104,43.708561,69.948665,0,0.008669985,0.998150979,0.060159778,-0.013212731,-0.191100514,0.060707032,-0.979691761,1.108213844,-0.981532079,-0.003002922,0.191273590,0.724224528,0.000000000,0.000000000,0.000000000,1.000000000
31,1790406430986454000,RR_foot,1790406430960213896,1790406431030162561,0.375133736,26.240104,43.708561,69.948665,0,0.037893298,0.998150979,0.047523315,-0.014730235,-0.660149723,0.060707031,-0.748677297,1.132628448,-0.750177641,-0.003002922,0.661229397,0.713342464,0.000000000,0.000000000,0.000000000,1.000000000
32,1790406431518454000,FL_hip,1790406431291652813,1790406431662430164,0.611691050,226.801187,143.976164,370.777351,1,0.007020807,0.981797645,0.189799461,0.185561306,-0.190160230,0.187651471,-0.963652795,0.731448515,-0.981727861,-0.029326969,0.188016389,0.340022791,0.000000000,0.000000000,0.000000000,1.000000000
32,1790406431518454000,FL_thigh,1790406431291652813,1790406431662430164,0.611691050,226.801187,143.976164,370.777351,1,0.046970627,0.981823877,0.183889579,0.279187611,-0.407249335,0.186920704,-0.893985082,0.749342223,-0.912108331,-0.032898148,0.408626884,0.337226329,0.000000000,0.000000000,0.000000000,1.000000000
32,1790406431518454000,FL_calf,1790406431291652813,1790406431662430164,0.611691050,226.801187,143.976164,370.777351,1,0.171390173,0.981790455,-0.081930787,0.240301783,-0.811609168,0.187844605,0.553177784,0.937690707,0.558494848,-0.028313740,0.829024525,0.251010456,0.000000000,0.000000000,0.000000000,1.000000000
32,1790406431518454000,FL_calflower,1790406431291652813,1790406431662430164,0.611691050,226.801187,143.976164,370.777351,1,0.175270813,0.981790455,-0.073262456,0.255949940,-0.838242234,0.187844605,0.511922904,0.839794373,0.516362917,-0.028313740,0.855901569,0.139541400,0.000000000,0.000000000,0.000000000,1.000000000
32,1790406431518454000,FL_calflower1,1790406431291652813,1790406431662430164,0.611691050,226.801187,143.976164,370.777351,1,0.189295398,0.981790455,0.015952985,0.257166759,-0.979911942,0.187844605,0.066990210,0.827723891,0.062773766,-0.028313740,0.997625989,0.100167997,0.000000000,0.000000000,0.000000000,1.000000000
32,1790406431518454000,FL_foot,1790406431291652813,1790406431662430164,0.611691050,226.801187,143.976164,370.777351,1,0.171390173,0.981790455,-0.081930787,0.257912142,-0.811609168,0.187844605,0.553177784,0.820109116,0.558494848,-0.028313740,0.829024525,0.074528385,0.000000000,0.000000000,0.000000000,1.000000000
32,1790406431518454000,FR_hip,1790406431291652813,1790406431662430164,0.611691050,226.801187,143.976164,370.777351,1,0.007020807,0.999914924,0.010981608,0.093186550,-0.190160230,0.012116432,-0.981678652,0.720775050,-0.981727861,0.004803646,0.190229226,0.341429646,0.000000000,0.000000000,0.000000000,1.000000000
32,1790406431518454000,FR_thigh,1790406431291652813,1790406431662430164,0.611691050,226.801187,143.976164,370.777351,1,0.010419700,0.999916383,0.007642011,-0.002290130,-0.543214683,0.012076581,-0.839507393,0.719618074,-0.839529136,0.004595897,0.543295070,0.340970979,0.000000000,0.000000000,0.000000000,1.000000000
32,1790406431518454000,FR_calf,1790406431291652813,1790406431662430164,0.611691050,226.801187,143.976164,370.777351,1,0.006927040,0.999913222,-0.011194109,-0.003934374,-0.811505552,0.012162108,0.584218726,0.898352032,0.584304130,0.005036910,0.811519032,0.225287662,0.000000000,0.000000000,0.000000000,1.000000000
32,1790406431518454000,FR_calflower,1790406431291652813,1790406431662430164,0.611691050,226.801187,143.976164,370.777351,1,0.007477855,0.999913222,-0.010833911,-0.002109714,-0.839690148,0.012162108,0.542930231,0.795706529,0.543014855,0.005036909,0.839707880,0.116905288,0.000000000,0.000000000,0.000000000,1.000000000
32,1790406431518454000,FR_calflower1,1790406431291652813,1790406431662430164,0.611691050,226.801187,143.976164,370.777351,1,0.011635694,0.999913222,-0.006156507,-0.001741551,-0.995514773,0.012162108,0.093824934,0.782391829,0.093891807,0.005036910,0.995569578,0.077900578,0.000000000,0.000000000,0.000000000,1.000000000
32,1790406431518454000,FR_foot,1790406431291652813,1790406431662430164,0.611691050,226.801187,143.976164,370.777351,1,0.006927040,0.999913222,-0.011194109,-0.001504820,-0.811505552,0.012162108,0.584218726,0.773971555,0.584304130,0.005036910,0.811519032,0.052493189,0.000000000,0.000000000,0.000000000,1.000000000
32,1790406431518454000,RL_hip,1790406431291652813,1790406431662430164,0.611691050,226.801187,143.976164,370.777351,1,0.007020807,0.988332986,0.152145854,0.182845658,-0.190160230,0.150692757,-0.970119311,0.805002492,-0.981727861,-0.022121348,0.188999681,0.719755128,0.000000000,0.000000000,0.000000000,1.000000000
32,1790406431518454000,RL_thigh,1790406431291652813,1790406431662430164,0.611691050,226.801187,143.976164,370.777351,1,-0.128387326,0.988332966,0.081941360,0.277229697,0.746151603,0.150693297,-0.648498276,0.819393383,-0.653280132,-0.022118560,-0.756793014,0.717642578,0.000000000,0.000000000,0.000000000,1.000000000
32,1790406431518454000,RL_calf,1790406431291652813,1790406431662430164,0.611691050,226.801187,143.976164,370.777351,1,0.067510953,0.988333874,0.136521674,0.259775976,-0.564391132,0.150666927,-0.811642054,0.957521456,-0.822742305,-0.022257172,0.567978471,0.878839807,0.000000000,0.000000000,0.000000000,1.000000000
32,1790406431518454000,RL_calflower,1790406431291652813,1790406431662430164,0.611691050,226.801187,143.976164,370.777351,1,0.060603342,0.988333874,0.139725199,0.240929620,-0.523120595,0.150666927,-0.838835513,1.066241984,-0.850101184,-0.022257172,0.526148669,0.778428521,0.000000000,0.000000000,0.000000000,1.000000000
32,1790406431518454000,RL_calflower1,1790406431291652813,1790406431662430164,0.611691050,226.801187,143.976164,370.777351,1,-0.010767331,0.988333874,0.151920903,0.234740263,-0.076648540,0.150666927,-0.985609038,1.104986134,-0.996999933,-0.022257172,0.074132174,0.765896867,0.000000000,0.000000000,0.000000000,1.000000000
32,1790406431518454000,RL_foot,1790406431291652813,1790406431662430164,0.611691050,226.801187,143.976164,370.777351,1,0.067510953,0.988333874,0.136521674,0.230714908,-0.564391132,0.150666927,-0.811642054,1.130219705,-0.822742305,-0.022257172,0.567978471,0.757986438,0.000000000,0.000000000,0.000000000,1.000000000
32,1790406431518454000,RR_hip,1790406431291652813,1790406431662430164,0.611691050,226.801187,143.976164,370.777351,1,0.007020807,0.999893087,0.012816634,0.090470902,-0.190160230,0.013917989,-0.981654763,0.794329027,-0.981727861,0.004454529,0.190237722,0.721161983,0.000000000,0.000000000,0.000000000,1.000000000
32,1790406431518454000,RR_thigh,1790406431291652813,1790406431662430164,0.611691050,226.801187,143.976164,370.777351,1,-0.006500178,0.999890746,0.013265973,-0.005016131,0.706791534,0.013978525,-0.707284261,0.792999900,-0.707392329,0.004778538,-0.706804842,0.720736587,0.000000000,0.000000000,0.000000000,1.000000000
32,1790406431518454000,RR_calf,1790406431291652813,1790406431662430164,0.611691050,226.801187,143.976164,370.777351,1,0.012965588,0.999889604,0.007239930,-0.007887880,-0.661388280,0.014006068,-0.749913376,0.943073944,-0.749931651,0.004934398,0.661496786,0.870728620,0.000000000,0.000000000,0.000000000,1.000000000
32,1790406431518454000,RR_calflower,1790406431291652813,1790406431662430164,0.611691050,226.801187,143.976164,370.777351,1,0.012587540,0.999889604,0.007878891,-0.008645949,-0.623081669,0.014006068,-0.782031816,1.040046713,-0.782055491,0.004934398,0.623189126,0.758771493,0.000000000,0.000000000,0.000000000,1.000000000
32,1790406431518454000,RR_calflower1,1790406431291652813,1790406431662430164,0.611691050,226.801187,143.976164,370.777351,1,0.007526776,0.999889604,0.012801200,-0.009077751,-0.191544270,0.014006068,-0.981384390,1.077252668,-0.981455011,0.004934398,0.191628651,0.741811132,0.000000000,0.000000000,0.000000000,1.000000000
32,1790406431518454000,RR_foot,1790406431291652813,1790406431662430164,0.611691050,226.801187,143.976164,370.777351,1,0.012965588,0.999889604,0.007239930,-0.009360724,-0.661388280,0.014006068,-0.749913376,1.101513053,-0.749931651,0.004934398,0.661496786,0.731012948,0.000000000,0.000000000,0.000000000,1.000000000
33,1790406431586453000,FL_hip,1790406431291652813,1790406431662430164,0.795086826,294.800187,75.977164,370.777351,1,-0.001932870,0.986471129,0.163922888,0.181158594,-0.187533108,0.160657330,-0.969031091,0.726312884,-0.982256278,-0.032614256,0.184685528,0.338125303,0.000000000,0.000000000,0.000000000,1.000000000
33,1790406431586453000,FL_thigh,1790406431291652813,1790406431662430164,0.795086826,294.800187,75.977164,370.777351,1,0.041511027,0.986474423,0.158571075,0.275273501,-0.450937205,0.160121969,-0.878075903,0.741638452,-0.891589798,-0.035056040,0.451484813,0.335014110,0.000000000,0.000000000,0.000000000,1.000000000
33,1790406431586453000,FL_calf,1790406431291652813,1790406431662430164,0.795086826,294.800187,75.977164,370.777351,1,0.152127797,0.986473148,-0.061054071,0.241674141,-0.825450296,0.160784649,0.541092234,0.927254257,0.543589448,-0.031918345,0.838744038,0.239430521,0.000000000,0.000000000,0.000000000,1.000000000
33,1790406431586453000,FL_calflower,1790406431291652813,1790406431662430164,0.795086826,294.800187,75.977164,370.777351,1,0.154989109,0.986473148,-0.053374548,0.253819901,-0.851462038,0.160784649,0.499160689,0.830803762,0.500990373,-0.031918345,0.864863975,0.126207629,0.000000000,0.000000000,0.000000000,1.000000000
33,1790406431586453000,FL_calflower1,1790406431291652813,1790406431662430164,0.795086826,294.800187,75.977164,370.777351,1,0.162121807,0.986473148,0.024227790,0.254432127,-0.985744516,0.160784649,0.049565560,0.819367902,0.044999744,-0.031918345,0.998476876,0.086621121,0.000000000,0.000000000,0.000000000,1.000000000
33,1790406431586453000,FL_foot,1790406431291652813,1790406431662430164,0.795086826,294.800187,75.977164,370.777351,1,0.152127797,0.986473148,-0.061054071,0.254790702,-0.825450296,0.160784649,0.541092234,0.812167738,0.543589448,-0.031918345,0.838744038,0.060847168,0.000000000,0.000000000,0.000000000,1.000000000
33,1790406431586453000,FR_hip,1790406431291652813,1790406431662430164,0.795086826,294.800187,75.977164,370.777351,1,-0.001932870,0.999930269,0.011638648,0.088718344,-0.187533108,0.011069652,-0.982196261,0.716340564,-0.982256278,-0.004081353,0.187498738,0.340211154,0.000000000,0.000000000,0.000000000,1.000000000
33,1790406431586453000,FR_thigh,1790406431291652813,1790406431662430164,0.795086826,294.800187,75.977164,370.777351,1,0.002318518,0.999929970,0.011593820,-0.006764573,-0.533444537,0.011043123,-0.845763368,0.715283454,-0.845831827,-0.004224006,0.533432759,0.340600895,0.000000000,0.000000000,0.000000000,1.000000000
33,1790406431586453000,FR_calf,1790406431291652813,1790406431662430164,0.795086826,294.800187,75.977164,370.777351,1,0.011275756,0.999930561,-0.003386474,-0.009245462,-0.807199536,0.011101088,0.590174868,0.895375324,0.590171432,-0.003921371,0.807268316,0.227005924,0.000000000,0.000000000,0.000000000,1.000000000
33,1790406431586453000,FR_calflower,1790406431291652813,1790406431662430164,0.795086826,294.800187,75.977164,370.777351,1,0.011430918,0.999930561,-0.002818688,-0.008498206,-0.835687196,0.011101088,0.549094141,0.791918955,0.549087272,-0.003921371,0.835755718,0.119358397,0.000000000,0.000000000,0.000000000,1.000000000
33,1790406431586453000,FR_calflower1,1790406431291652813,1790406431662430164,0.795086826,294.800187,75.977164,370.777351,1,0.011440778,0.999930561,0.002778397,-0.008493096,-0.994810540,0.011101088,0.101140770,0.778315877,0.101103035,-0.003921371,0.994868146,0.080446674,0.000000000,0.000000000,0.000000000,1.000000000
33,1790406431586453000,FR_foot,1790406431291652813,1790406431662430164,0.795086826,294.800187,75.977164,370.777351,1,0.011275756,0.999930561,-0.003386474,-0.008492591,-0.807199536,0.011101088,0.590174868,0.769707793,0.590171432,-0.003921371,0.807268316,0.055098020,0.000000000,0.000000000,0.000000000,1.000000000
33,1790406431586453000,RL_hip,1790406431291652813,1790406431662430164,0.795086826,294.800187,75.977164,370.777351,1,-0.001932870,0.988920237,0.148434382,0.181906228,-0.187533108,0.145442694,-0.971431138,0.798850690,-0.982256278,-0.029714286,0.185174230,0.718062032,0.000000000,0.000000000,0.000000000,1.000000000
33,1790406431586453000,RL_thigh,1790406431291652813,1790406431662430164,0.795086826,294.800187,75.977164,370.777351,1,-0.129609021,0.988920241,0.072374000,0.276346902,0.748372124,0.145443060,-0.647136910,0.812740292,-0.650492978,-0.029712372,-0.758930755,0.715224353,0.000000000,0.000000000,0.000000000,1.000000000
33,1790406431586453000,RL_calf,1790406431291652813,1790406431662430164,0.795086826,294.800187,75.977164,370.777351,1,0.055523645,0.988919921,0.137674442,0.260931086,-0.548565667,0.145425751,-0.823363686,0.950579042,-0.834261831,-0.029807594,0.550562017,0.876876818,0.000000000,0.000000000,0.000000000,1.000000000
33,1790406431586453000,RL_calflower,1790406431291652813,1790406431662430164,0.795086826,294.800187,75.977164,370.777351,1,0.048573401,0.988919921,0.140277411,0.241671722,-0.506729070,0.145425751,-0.849751552,1.061386265,-0.860735853,-0.029807594,0.508178245,0.778779287,0.000000000,0.000000000,0.000000000,1.000000000
33,1790406431586453000,RL_calflower1,1790406431291652813,1790406431662430164,0.795086826,294.800187,75.977164,370.777351,1,-0.021692827,0.988919921,0.146855536,0.235578673,-0.057068541,0.145425751,-0.987722245,1.100415753,-0.998134462,-0.029807594,0.053281630,0.767068361,0.000000000,0.000000000,0.000000000,1.000000000
33,1790406431586453000,RL_foot,1790406431291652813,1790406431662430164,0.795086826,294.800187,75.977164,370.777351,1,0.055523645,0.988919921,0.137674442,0.231618672,-0.548565667,0.145425751,-0.823363686,1.125830209,-0.834261831,-0.029807594,0.550562017,0.759692421,0.000000000,0.000000000,0.000000000,1.000000000
33,1790406431586453000,RR_hip,1790406431291652813,1790406431662430164,0.795086826,294.800187,75.977164,370.777351,1,-0.001932870,0.999990391,0.003901141,0.089465978,-0.187533108,0.003469382,-0.982252512,0.788878370,-0.982256278,-0.002630422,0.187524705,0.720147883,0.000000000,0.000000000,0.000000000,1.000000000
33,1790406431586453000,RR_thigh,1790406431291652813,1790406431662430164,0.795086826,294.800187,75.977164,370.777351,1,-0.004207431,0.999990818,0.000631522,-0.006031213,0.731388189,0.003507887,-0.681952866,0.788547056,-0.681948732,-0.002407644,-0.731395898,0.720399082,0.000000000,0.000000000,0.000000000,1.000000000
33,1790406431586453000,RR_calf,1790406431291652813,1790406431662430164,0.795086826,294.800187,75.977164,370.777351,1,0.000392987,0.999991016,0.004189480,-0.006203639,-0.622405802,0.003523602,-0.782687231,0.933412442,-0.782694620,-0.002300233,0.622401535,0.875799026,0.000000000,0.000000000,0.000000000,1.000000000
33,1790406431586453000,RR_calflower,1790406431291652813,1790406431662430164,0.795086826,294.800187,75.977164,370.777351,1,0.000183109,0.999991016,0.004203885,-0.006778459,-0.582509899,0.003523602,-0.812816401,1.036250164,-0.812823567,-0.002300233,0.582505268,0.768665921,0.000000000,0.000000000,0.000000000,1.000000000
33,1790406431586453000,RR_calflower1,1790406431291652813,1790406431662430164,0.795086826,294.800187,75.977164,370.777351,1,-0.001778850,0.999991016,0.003813381,-0.006943167,-0.141341636,0.003523602,-0.989954962,1.074376063,-0.989959180,-0.002300233,0.141334218,0.753590514,0.000000000,0.000000000,0.000000000,1.000000000
33,1790406431586453000,RR_foot,1790406431291652813,1790406431662430164,0.795086826,294.800187,75.977164,370.777351,1,0.000392987,0.999991016,0.004189480,-0.007050005,-0.622405802,0.003523602,-0.782687231,1.099222951,-0.782694620,-0.002300233,0.622401535,0.744021769,0.000000000,0.000000000,0.000000000,1.000000000
34,1790406431650463000,FL_hip,1790406431291652813,1790406431662430164,0.967724123,358.810187,11.967164,370.777351,1,-0.000083569,0.988520459,0.151086176,0.168461936,-0.185725320,0.148442180,-0.971324727,0.725727985,-0.982601596,-0.028141976,0.183580940,0.332271009,0.000000000,0.000000000,0.000000000,1.000000000
34,1790406431650463000,FL_thigh,1790406431291652813,1790406431662430164,0.967724123,358.810187,11.967164,370.777351,1,0.048536441,0.988523441,0.143057187,0.262847794,-0.491191003,0.148333122,-0.858329415,0.739900912,-0.869698531,-0.028608423,0.492753338,0.329584075,0.000000000,0.000000000,0.000000000,1.000000000
34,1790406431650463000,FL_calf,1790406431291652813,1790406431662430164,0.967724123,358.810187,11.967164,370.777351,1,0.140532791,0.988520713,-0.055471369,0.232410019,-0.835481905,0.148465746,0.529082800,0.922455613,0.531244845,-0.028008433,0.846755142,0.224743189,0.000000000,0.000000000,0.000000000,1.000000000
34,1790406431650463000,FL_calflower,1790406431291652813,1790406431662430164,0.967724123,358.810187,11.967164,370.777351,1,0.143129574,0.988520713,-0.048378331,0.243443315,-0.860880889,0.148465745,0.486664892,0.827468540,0.488260808,-0.028008433,0.872248095,0.110056067,0.000000000,0.000000000,0.000000000,1.000000000
34,1790406431650463000,FL_calflower1,1790406431291652813,1790406431662430164,0.967724123,358.810187,11.967164,370.777351,1,0.149295312,0.988520713,0.023182922,0.243952352,-0.988328691,0.148465746,0.034132422,0.816613788,0.030298853,-0.028008433,0.999148305,0.070287000,0.000000000,0.000000000,0.000000000,1.000000000
34,1790406431650463000,FL_foot,1790406431291652813,1790406431662430164,0.967724123,358.810187,11.967164,370.777351,1,0.140532791,0.988520713,-0.055471369,0.244246889,-0.835481905,0.148465746,0.529082800,0.809792736,0.531244845,-0.028008433,0.846755142,0.044397817,0.000000000,0.000000000,0.000000000,1.000000000
34,1790406431650463000,FR_hip,1790406431291652813,1790406431662430164,0.967724123,358.810187,11.967164,370.777351,1,-0.000083569,0.999711602,0.024009260,0.076084867,-0.185725320,0.023575949,-0.982319185,0.715170458,-0.982601596,-0.004541484,0.185669888,0.334274410,0.000000000,0.000000000,0.000000000,1.000000000
34,1790406431650463000,FR_thigh,1790406431291652813,1790406431662430164,0.967724123,358.810187,11.967164,370.777351,1,0.008480573,0.999711594,0.022462123,-0.019385593,-0.524676620,0.023570990,-0.850975648,0.712918979,-0.851259331,-0.004568855,0.524725171,0.334708117,0.000000000,0.000000000,0.000000000,1.000000000
34,1790406431650463000,FR_calf,1790406431291652813,1790406431662430164,0.967724123,358.810187,11.967164,370.777351,1,0.021620206,0.999711598,-0.010441591,-0.024172123,-0.802493435,0.023582016,0.596195334,0.894166068,0.596269569,-0.004510823,0.802771500,0.222946629,0.000000000,0.000000000,0.000000000,1.000000000
34,1790406431650463000,FR_calflower,1790406431291652813,1790406431662430164,0.967724123,358.810187,11.967164,370.777351,1,0.022115048,0.999711598,-0.009347981,-0.022190481,-0.831287875,0.023582016,0.555342290,0.789885751,0.555402535,-0.004510823,0.831569303,0.116066577,0.000000000,0.000000000,0.000000000,1.000000000
34,1790406431650463000,FR_calflower1,1790406431291652813,1790406431662430164,0.967724123,358.810187,11.967164,370.777351,1,0.023932639,0.999711598,0.001920656,-0.022036439,-0.993793629,0.023582016,0.108714362,0.775985683,0.108637841,-0.004510822,0.994071074,0.077251577,0.000000000,0.000000000,0.000000000,1.000000000
34,1790406431650463000,FR_foot,1790406431291652813,1790406431662430164,0.967724123,358.810187,11.967164,370.777351,1,0.021620206,0.999711598,-0.010441591,-0.021942082,-0.802493435,0.023582016,0.596195334,0.767184136,0.596269569,-0.004510823,0.802771500,0.051964007,0.000000000,0.000000000,0.000000000,1.000000000
34,1790406431650463000,RL_hip,1790406431291652813,1790406431662430164,0.967724123,358.810187,11.967164,370.777351,1,-0.000083569,0.987669001,0.156555667,0.168494261,-0.185725320,0.153816527,-0.970488167,0.797566538,-0.982601596,-0.029157730,0.183422352,0.712341306,0.000000000,0.000000000,0.000000000,1.000000000
34,1790406431650463000,RL_thigh,1790406431291652813,1790406431662430164,0.967724123,358.810187,11.967164,370.777351,1,-0.135700151,0.987669001,0.078071460,0.262816419,0.748244109,0.153816596,-0.645346348,0.812255981,-0.649397159,-0.029157363,-0.759890128,0.709556750,0.000000000,0.000000000,0.000000000,1.000000000
34,1790406431650463000,RL_calf,1790406431291652813,1790406431662430164,0.967724123,358.810187,11.967164,370.777351,1,0.058116104,0.987668958,0.145369484,0.246187170,-0.533257626,0.153813406,-0.831852416,0.949714483,-0.843954252,-0.029175640,0.535620977,0.871413387,0.000000000,0.000000000,0.000000000,1.000000000
34,1790406431650463000,RL_calflower,1790406431291652813,1790406431662430164,0.967724123,358.810187,11.967164,370.777351,1,0.050778028,0.987668958,0.148092404,0.225836063,-0.491015900,0.153813406,-0.857464590,1.062148199,-0.869669421,-0.029175640,0.492771457,0.775275878,0.000000000,0.000000000,0.000000000,1.000000000
34,1790406431650463000,RL_calflower1,1790406431291652813,1790406431662430164,0.967724123,358.810187,11.967164,370.777351,1,-0.023346135,0.987668958,0.154805447,0.219405348,-0.039569319,0.153813406,-0.987307655,1.101351593,-0.998943958,-0.029175640,0.035490553,0.764263371,0.000000000,0.000000000,0.000000000,1.000000000
34,1790406431650463000,RL_foot,1790406431291652813,1790406431662430164,0.967724123,358.810187,11.967164,370.777351,1,0.058116104,0.987668958,0.145369484,0.215225986,-0.533257626,0.153813406,-0.831852416,1.126874927,-0.843954252,-0.029175640,0.535620977,0.757342302,0.000000000,0.000000000,0.000000000,1.000000000
34,1790406431650463000,RR_hip,1790406431291652813,1790406431662430164,0.967724123,358.810187,11.967164,370.777351,1,-0.000083569,0.999973495,0.007262329,0.076117192,-0.185725320,0.007120374,-0.982576260,0.787009011,-0.982601596,-0.001431174,0.185719907,0.714344707,0.000000000,0.000000000,0.000000000,1.000000000
34,1790406431650463000,RR_thigh,1790406431291652813,1790406431662430164,0.967724123,358.810187,11.967164,370.777351,1,-0.006281384,0.999973506,0.003642773,-0.019379914,0.753176351,0.007127238,-0.657780577,0.786329020,-0.657789036,-0.001388385,-0.753200827,0.714481384,0.000000000,0.000000000,0.000000000,1.000000000
34,1790406431650463000,RR_calf,1790406431291652813,1790406431662430164,0.967724123,358.810187,11.967164,370.777351,1,0.003059742,0.999973517,0.006583431,-0.020162637,-0.584728105,0.007129689,-0.811198441,0.926362280,-0.811223552,-0.001367722,0.584734390,0.874837998,0.000000000,0.000000000,0.000000000,1.000000000
34,1790406431650463000,RR_calflower,1790406431291652813,1790406431662430164,0.967724123,358.810187,11.967164,370.777351,1,0.002726884,0.999973517,0.006728127,-0.021068138,-0.543454323,0.007129689,-0.839408880,1.034617297,-0.839434273,-0.001367722,0.543459345,0.772192966,0.000000000,0.000000000,0.000000000,1.000000000
34,1790406431650463000,RR_calflower1,1790406431291652813,1790406431662430164,0.967724123,358.810187,11.967164,370.777351,1,-0.000688177,0.999973517,0.007227033,-0.021363314,-0.094419685,0.007129689,-0.995507304,1.073587289,-0.995532146,-0.001367722,0.094412413,0.758866752,0.000000000,0.000000000,0.000000000,1.000000000
34,1790406431650463000,RR_foot,1790406431291652813,1790406431662430164,0.967724123,358.810187,11.967164,370.777351,1,0.003059742,0.999973517,0.006583431,-0.021555260,-0.584728105,0.007129689,-0.811198441,1.098972182,-0.811223552,-0.001367722,0.584734390,0.750438853,0.000000000,0.000000000,0.000000000,1.000000000
35,1790406431718460000,FL_hip,1790406431662430164,1790406431724282984,0.905857421,56.029836,5.822984,61.852820,0,0.009900501,0.992793292,0.119428653,0.156798419,-0.182922062,0.119217253,-0.975872669,0.721984176,-0.983077462,-0.012184784,0.182784181,0.341619868,0.000000000,0.000000000,0.000000000,1.000000000
35,1790406431718460000,FL_thigh,1790406431662430164,1790406431724282984,0.905857421,56.029836,5.822984,61.852820,0,0.047115270,0.992792985,0.110190671,0.251604804,-0.481546718,0.119223025,-0.868273763,0.733368725,-0.875153027,-0.012153280,0.483693394,0.340456297,0.000000000,0.000000000,0.000000000,1.000000000
35,1790406431718460000,FL_calf,1790406431662430164,1790406431724282984,0.905857421,56.029836,5.822984,61.852820,0,0.108853139,0.992792892,-0.050129946,0.228138317,-0.854736674,0.119224818,0.505184481,0.918296839,0.507520252,-0.012143290,0.861554152,0.237433511,0.000000000,0.000000000,0.000000000,1.000000000
35,1790406431718460000,FL_calflower,1790406431662430164,1790406431724282984,0.905857421,56.029836,5.822984,61.852820,0,0.111222554,0.992792892,-0.044626907,0.237739266,-0.878917177,0.119224818,0.461834103,0.826442339,0.463826223,-0.012143290,0.885842874,0.120076762,0.000000000,0.000000000,0.000000000,1.000000000
35,1790406431718460000,FL_calflower1,1790406431662430164,1790406431724282984,0.905857421,56.029836,5.822984,61.852820,0,0.119261618,0.992792892,0.011776418,0.238413794,-0.992860445,0.119224818,0.003778856,0.816758829,0.002347713,-0.012143289,0.999923422,0.080005988,0.000000000,0.000000000,0.000000000,1.000000000
35,1790406431718460000,FL_foot,1790406431662430164,1790406431724282984,0.905857421,56.029836,5.822984,61.852820,0,0.108853139,0.992792892,-0.050129946,0.238823420,-0.854736674,0.119224818,0.505184481,0.810701187,0.507520252,-0.012143290,0.861554152,0.053927325,0.000000000,0.000000000,0.000000000,1.000000000
35,1790406431718460000,FR_hip,1790406431662430164,1790406431724282984,0.905857421,56.029836,5.822984,61.852820,0,0.009900501,0.999942552,0.004076376,0.064477010,-0.182922062,0.005818793,-0.983110553,0.710828819,-0.983077462,0.008987362,0.182969268,0.342765818,0.000000000,0.000000000,0.000000000,1.000000000
35,1790406431718460000,FR_thigh,1790406431662430164,1790406431724282984,0.905857421,56.029836,5.822984,61.852820,0,0.010674319,0.999942900,0.000016315,-0.031014206,-0.543200147,0.005812232,-0.839583538,0.710273168,-0.839535344,0.008952854,0.543231143,0.341907550,0.000000000,0.000000000,0.000000000,1.000000000
35,1790406431718460000,FR_calf,1790406431662430164,1790406431724282984,0.905857421,56.029836,5.822984,61.852820,0,-0.000339000,0.999942110,-0.010742733,-0.031020309,-0.822780460,0.005826744,0.568330066,0.889091290,0.568359721,0.009031309,0.822730506,0.226204656,0.000000000,0.000000000,0.000000000,1.000000000
35,1790406431718460000,FR_calflower,1790406431662430164,1790406431724282984,0.905857421,56.029836,5.822984,61.852820,0,0.000198337,0.999942110,-0.010746250,-0.029431710,-0.850156863,0.005826744,0.526497917,0.788531514,0.526530032,0.009031308,0.850108454,0.115813599,0.000000000,0.000000000,0.000000000,1.000000000
35,1790406431718460000,FR_calflower1,1790406431662430164,1790406431724282984,0.905857421,56.029836,5.822984,61.852820,0,0.005138319,0.999942110,-0.009440282,-0.029002050,-0.997210595,0.005826744,0.074416244,0.775974134,0.074467083,0.009031308,0.997182486,0.076546200,0.000000000,0.000000000,0.000000000,1.000000000
35,1790406431718460000,FR_foot,1790406431662430164,1790406431724282984,0.905857421,56.029836,5.822984,61.852820,0,-0.000339000,0.999942110,-0.010742733,-0.028723693,-0.822780460,0.005826744,0.568330066,0.768047245,0.568359721,0.009031309,0.822730506,0.050972620,0.000000000,0.000000000,0.000000000,1.000000000
35,1790406431718460000,RL_hip,1790406431662430164,1790406431724282984,0.905857421,56.029836,5.822984,61.852820,0,0.009900501,0.988871831,0.148439298,0.152968906,-0.182922062,0.147732675,-0.971964647,0.792738429,-0.983077462,-0.017530164,0.182349168,0.721874230,0.000000000,0.000000000,0.000000000,1.000000000
35,1790406431718460000,RL_thigh,1790406431662430164,1790406431724282984,0.905857421,56.029836,5.822984,61.852820,0,-0.126255242,0.988871628,0.078690923,0.247405301,0.771133728,0.147736617,-0.619295862,0.806846767,-0.624029540,-0.017508403,-0.781204462,0.720200115,0.000000000,0.000000000,0.000000000,1.000000000
35,1790406431718460000,RL_calf,1790406431662430164,1790406431724282984,0.905857421,56.029836,5.822984,61.852820,0,0.061991126,0.988871733,0.135238823,0.230641135,-0.516241346,0.147734524,-0.843605407,0.938748117,-0.854196649,-0.017520101,0.519654648,0.886588089,0.000000000,0.000000000,0.000000000,1.000000000
35,1790406431718460000,RL_calflower,1790406431662430164,1790406431724282984,0.905857421,56.029836,5.822984,61.852820,0,0.055154529,0.988871733,0.138168074,0.211866744,-0.473433481,0.147734524,-0.868352433,1.053274535,-0.879101033,-0.017520101,0.476313176,0.792596550,0.000000000,0.000000000,0.000000000,1.000000000
35,1790406431718460000,RL_calflower1,1790406431662430164,1790406431724282984,0.905857421,56.029836,5.822984,61.852820,0,-0.014881352,0.988871733,0.148023593,0.205788635,-0.018946024,0.147734524,-0.988845922,1.092742155,-0.999709659,-0.017520101,0.016536818,0.782335220,0.000000000,0.000000000,0.000000000,1.000000000
35,1790406431718460000,RL_foot,1790406431662430164,1790406431724282984,0.905857421,56.029836,5.822984,61.852820,0,0.061991126,0.988871733,0.135238823,0.201836659,-0.516241346,0.147734524,-0.843605407,1.118432373,-0.854196649,-0.017520101,0.519654648,0.775903236,0.000000000,0.000000000,0.000000000,1.000000000
35,1790406431718460000,RR_hip,1790406431662430164,1790406431724282984,0.905857421,56.029836,5.822984,61.852820,0,0.009900501,0.999183445,0.039168438,0.060647497,-0.182922062,0.040319036,-0.982300664,0.781583072,-0.983077462,0.002560228,0.183171971,0.723020180,0.000000000,0.000000000,0.000000000,1.000000000
35,1790406431718460000,RR_thigh,1790406431662430164,1790406431724282984,0.905857421,56.029836,5.822984,61.852820,0,-0.027436114,0.999182707,0.029680315,-0.034770701,0.724612311,0.040332764,-0.687975993,0.777732727,-0.688610703,0.002631064,-0.725126333,0.722775694,0.000000000,0.000000000,0.000000000,1.000000000
35,1790406431718460000,RR_calf,1790406431662430164,1790406431724282984,0.905857421,56.029836,5.822984,61.852820,0,0.027065058,0.999182632,0.030021551,-0.041104850,-0.619136650,0.040334164,-0.784247195,0.924248043,-0.784816732,0.002637984,0.619722164,0.877208037,0.000000000,0.000000000,0.000000000,1.000000000
35,1790406431718460000,RR_calflower,1790406431662430164,1790406431724282984,0.905857421,56.029836,5.822984,61.852820,0,0.025530781,0.999182632,0.031336720,-0.044999508,-0.579166867,0.040334164,-0.814211026,1.027912719,-0.814809114,0.002637983,0.579723185,0.769810359,0.000000000,0.000000000,0.000000000,1.000000000
35,1790406431718460000,RR_calflower1,1790406431662430164,1790406431724282984,0.905857421,56.029836,5.822984,61.852820,0,0.008175028,0.999182632,0.039585095,-0.046507514,-0.137732374,0.040334164,-0.989648244,1.066265198,-0.990435641,0.002637983,0.137949640,0.754772094,0.000000000,0.000000000,0.000000000,1.000000000
35,1790406431718460000,RR_foot,1790406431662430164,1790406431724282984,0.905857421,56.029836,5.822984,61.852820,0,0.027065058,0.999182632,0.030021551,-0.047490957,-0.619136650,0.040334164,-0.784247195,1.091258918,-0.784816732,0.002637984,0.619722164,0.745228960,0.000000000,0.000000000,0.000000000,1.000000000
36,1790406431786454000,FL_hip,1790406431724282984,1790406431792363084,0.913203947,62.171016,5.909084,68.080100,0,0.020558352,0.981267560,0.191549156,0.150800250,-0.196782888,0.191813352,-0.961501341,0.720125467,-0.980231425,-0.017927001,0.197040090,0.340505457,0.000000000,0.000000000,0.000000000,1.000000000
36,1790406431786454000,FL_thigh,1790406431724282984,1790406431792363084,0.913203947,62.171016,5.909084,68.080100,0,0.046358267,0.981278901,0.186928806,0.244476058,-0.329187264,0.191684235,-0.924604561,0.738437708,-0.943125913,-0.018671804,0.331910677,0.338793881,0.000000000,0.000000000,0.000000000,1.000000000
36,1790406431786454000,FL_calf,1790406431724282984,1790406431792363084,0.913203947,62.171016,5.909084,68.080100,0,0.166401015,0.981260428,-0.097151550,0.204689715,-0.797744710,0.191878111,0.571652748,0.935002192,0.579581393,-0.017621750,0.814723697,0.268234696,0.000000000,0.000000000,0.000000000,1.000000000
36,1790406431786454000,FL_calflower,1790406431724282984,1790406431792363084,0.913203947,62.171016,5.909084,68.080100,0,0.171048610,0.981260428,-0.088713551,0.222427434,-0.825318466,0.191878111,0.531067714,0.834501801,0.538137854,-0.017621751,0.842672501,0.159269818,0.000000000,0.000000000,0.000000000,1.000000000
36,1790406431786454000,FL_calflower1,1790406431724282984,1790406431792363084,0.913203947,62.171016,5.909084,68.080100,0,0.192685320,0.981260428,0.000298217,0.224277470,-0.977289300,0.191878111,0.089939485,0.821518918,0.088196931,-0.017621750,0.995947085,0.120191317,0.000000000,0.000000000,0.000000000,1.000000000
36,1790406431786454000,FL_foot,1790406431724282984,1790406431792363084,0.913203947,62.171016,5.909084,68.080100,0,0.166401015,0.981260428,-0.097151550,0.225434056,-0.797744710,0.191878111,0.571652748,0.813310077,0.579581393,-0.017621750,0.814723697,0.094737313,0.000000000,0.000000000,0.000000000,1.000000000
36,1790406431786454000,FR_hip,1790406431724282984,1790406431792363084,0.913203947,62.171016,5.909084,68.080100,0,0.020558352,0.999462372,-0.025535649,0.058363780,-0.196782888,-0.020996458,-0.980222597,0.709903728,-0.980231425,0.025176472,0.196245559,0.340618846,0.000000000,0.000000000,0.000000000,1.000000000
36,1790406431786454000,FR_thigh,1790406431724282984,1790406431792363084,0.913203947,62.171016,5.909084,68.080100,0,0.009007865,0.999462463,-0.031518125,-0.037083898,-0.562428482,-0.020997332,-0.826579706,0.711908874,-0.826796830,0.025172142,0.561936995,0.338214516,0.000000000,0.000000000,0.000000000,1.000000000
36,1790406431786454000,FR_calf,1790406431724282984,1790406431792363084,0.913203947,62.171016,5.909084,68.080100,0,-0.031584056,0.999462217,-0.008801929,-0.030370954,-0.822692825,-0.020994983,0.568098955,0.887968048,0.567608622,0.025183885,0.822913145,0.218522552,0.000000000,0.000000000,0.000000000,1.000000000
36,1790406431786454000,FR_calflower,1790406431724282984,1790406431792363084,0.913203947,62.171016,5.909084,68.080100,0,-0.031104671,0.999462217,-0.010369474,-0.029698975,-0.850057787,-0.020994983,0.526271475,0.787436872,0.525770743,0.025183885,0.850253326,0.108084063,0.000000000,0.000000000,0.000000000,1.000000000
36,1790406431786454000,FR_calflower1,1790406431724282984,1790406431792363084,0.913203947,62.171016,5.909084,68.080100,0,-0.022801278,0.999462217,-0.023561160,-0.028972842,-0.997018149,-0.020994983,0.074261142,0.774886705,0.073726700,0.025183885,0.996960364,0.068816439,0.000000000,0.000000000,0.000000000,1.000000000
36,1790406431786454000,FR_foot,1790406431724282984,1790406431792363084,0.913203947,62.171016,5.909084,68.080100,0,-0.031584056,0.999462217,-0.008801929,-0.028494662,-0.822692825,-0.020994983,0.568098955,0.766964481,0.567608622,0.025183885,0.822913145,0.043242894,0.000000000,0.000000000,0.000000000,1.000000000
36,1790406431786454000,RL_hip,1790406431724282984,1790406431792363084,0.913203947,62.171016,5.909084,68.080100,0,0.020558352,0.990281863,0.137546119,0.142848280,-0.196782888,0.138891947,-0.970559745,0.796241088,-0.980231425,-0.007113898,0.197725989,0.719658972,0.000000000,0.000000000,0.000000000,1.000000000
36,1790406431786454000,RL_thigh,1790406431724282984,1790406431792363084,0.913203947,62.171016,5.909084,68.080100,0,-0.108244420,0.990281746,0.087321002,0.237420166,0.737655601,0.138893052,-0.660737187,0.809505264,-0.666444151,-0.007108571,-0.745520947,0.718979595,0.000000000,0.000000000,0.000000000,1.000000000
36,1790406431786454000,RL_calf,1790406431724282984,1790406431792363084,0.913203947,62.171016,5.909084,68.080100,0,0.079765112,0.990281575,0.113928389,0.218821407,-0.609048605,0.138894635,-0.780876926,0.950229850,-0.789111740,-0.007101475,0.614208475,0.877761370,0.000000000,0.000000000,0.000000000,1.000000000
36,1790406431786454000,RL_calflower,1790406431724282984,1790406431792363084,0.913203947,62.171016,5.909084,68.080100,0,0.073971380,0.990281575,0.117772603,0.203563816,-0.569259873,0.138894636,-0.810340776,1.053567352,-0.818823186,-0.007101475,0.574001725,0.771126190,0.000000000,0.000000000,0.000000000,1.000000000
36,1790406431786454000,RL_calflower1,1790406431724282984,1790406431792363084,0.913203947,62.171016,5.909084,68.080100,0,0.011227303,0.990281575,0.138622143,0.198115901,-0.130732121,0.138894635,-0.981640509,1.091654988,-0.991354052,-0.007101475,0.131021120,0.756360913,0.000000000,0.000000000,0.000000000,1.000000000
36,1790406431786454000,RL_foot,1790406431724282984,1790406431792363084,0.913203947,62.171016,5.909084,68.080100,0,0.079765112,0.990281575,0.113928389,0.194567628,-0.609048605,0.138894635,-0.780876926,1.116474616,-0.789111740,-0.007101475,0.614208475,0.746995586,0.000000000,0.000000000,0.000000000,1.000000000
36,1790406431786454000,RR_hip,1790406431724282984,1790406431792363084,0.913203947,62.171016,5.909084,68.080100,0,0.020558352,0.999380759,0.028551753,0.050411810,-0.196782888,0.032043831,-0.979923662,0.786019349,-0.980231425,0.014526845,0.197319905,0.719772361,0.000000000,0.000000000,0.000000000,1.000000000
36,1790406431786454000,RR_thigh,1790406431724282984,1790406431792363084,0.913203947,62.171016,5.909084,68.080100,0,-0.008997569,0.999380893,0.034009184,-0.045029046,0.631854070,0.032042476,-0.774425213,0.782959164,-0.775035367,0.014520623,-0.631750862,0.718385047,0.000000000,0.000000000,0.000000000,1.000000000
36,1790406431786454000,RR_calf,1790406431724282984,1790406431792363084,0.913203947,62.171016,5.909084,68.080100,0,0.033483618,0.999380941,0.010785714,-0.052267933,-0.739907796,0.032041953,-0.671945282,0.947823332,-0.671874571,0.014518452,0.740522516,0.852870942,0.000000000,0.000000000,0.000000000,1.000000000
36,1790406431786454000,RR_calflower,1790406431724282984,1790406431792363084,0.913203947,62.171016,5.909084,68.080100,0,0.032902712,0.999380941,0.012445718,-0.053194176,-0.705399837,0.032041953,-0.708085503,1.032382680,-0.708045603,0.014518452,0.706017322,0.729955849,0.000000000,0.000000000,0.000000000,1.000000000
36,1790406431786454000,RR_calflower1,1790406431724282984,1790406431792363084,0.913203947,62.171016,5.909084,68.080100,0,0.023437365,0.999380941,0.026233076,-0.054020230,-0.298706934,0.032041954,-0.953807201,1.067723659,-0.954056952,0.014518451,0.299273065,0.708815289,0.000000000,0.000000000,0.000000000,1.000000000
36,1790406431786454000,RR_foot,1790406431724282984,1790406431792363084,0.913203947,62.171016,5.909084,68.080100,0,0.033483618,0.999380941,0.010785714,-0.054563589,-0.739907796,0.032041953,-0.671945282,1.090797063,-0.671874571,0.014518452,0.740522516,0.695291619,0.000000000,0.000000000,0.000000000,1.000000000
37,1790406431850564000,FL_hip,1790406431792363084,1790406431862173334,0.833701584,58.200916,11.609334,69.810250,0,0.020418135,0.971366175,0.236707844,0.154678500,-0.208604977,0.235685463,-0.949177022,0.726589457,-0.977786715,-0.029998300,0.207444129,0.329383640,0.000000000,0.000000000,0.000000000,1.000000000
37,1790406431850564000,FL_thigh,1790406431792363084,1790406431862173334,0.833701584,58.200916,11.609334,69.810250,0,0.046901575,0.971366964,0.232908163,0.247430045,-0.314156682,0.235677313,-0.919653454,0.749094190,-0.948211814,-0.030036751,0.316215074,0.326519200,0.000000000,0.000000000,0.000000000,1.000000000
37,1790406431850564000,FL_calf,1790406431792363084,1790406431862173334,0.833701584,58.200916,11.609334,69.810250,0,0.194251783,0.971357074,-0.136862809,0.197827326,-0.716061511,0.235770240,0.657015220,0.944947982,0.670464436,-0.029624479,0.741349887,0.259172656,0.000000000,0.000000000,0.000000000,1.000000000
37,1790406431850564000,FL_calflower,1790406431792363084,1790406431862173334,0.833701584,58.200916,11.609334,69.810250,0,0.200849309,0.971357074,-0.126983224,0.221988308,-0.748003696,0.235770240,0.620405963,0.833518514,0.632574478,-0.029624479,0.773932648,0.162955359,0.000000000,0.000000000,0.000000000,1.000000000
37,1790406431850564000,FL_calflower1,1790406431792363084,1790406431862173334,0.833701584,58.200916,11.609334,69.810250,0,0.236790526,0.971357074,-0.019885447,0.225071289,-0.949966034,0.235770240,0.204884410,0.816203007,0.203704371,-0.029624478,0.978584051,0.125708625,0.000000000,0.000000000,0.000000000,1.000000000
37,1790406431850564000,FL_foot,1790406431792363084,1790406431862173334,0.833701584,58.200916,11.609334,69.810250,0,0.194251783,0.971357074,-0.136862809,0.227019464,-0.716061511,0.235770240,0.657015220,0.805167651,0.670464436,-0.029624479,0.741349887,0.101418330,0.000000000,0.000000000,0.000000000,1.000000000
37,1790406431850564000,FR_hip,1790406431792363084,1790406431862173334,0.833701584,58.200916,11.609334,69.810250,0,0.020418135,0.999698052,-0.013662144,0.062232389,-0.208604977,-0.009104511,-0.977957956,0.716457285,-0.977786715,0.022817801,0.208356215,0.329614845,0.000000000,0.000000000,0.000000000,1.000000000
37,1790406431850564000,FR_thigh,1790406431792363084,1790406431862173334,0.833701584,58.200916,11.609334,69.810250,0,0.013904868,0.999698687,-0.020222258,-0.033236852,-0.554840073,-0.009110900,-0.831907554,0.717326742,-0.831840774,0.022787416,0.554546197,0.327435790,0.000000000,0.000000000,0.000000000,1.000000000
37,1790406431850564000,FR_calf,1790406431792363084,1790406431862173334,0.833701584,58.200916,11.609334,69.810250,0,-0.020473598,0.999698322,-0.013558950,-0.028932318,-0.821895173,-0.009107258,0.569566568,0.894510744,0.569271242,0.022804844,0.821833327,0.209323912,0.000000000,0.000000000,0.000000000,1.000000000
37,1790406431850564000,FR_calflower,1790406431792363084,1790406431862173334,0.833701584,58.200916,11.609334,69.810250,0,-0.019770346,0.999698322,-0.014565258,-0.027336752,-0.849334482,-0.009107258,0.527777120,0.793779388,0.527485254,0.022804844,0.849257953,0.099078606,0.000000000,0.000000000,0.000000000,1.000000000
37,1790406431850564000,FR_calflower1,1790406431792363084,1790406431862173334,0.833701584,58.200916,11.609334,69.810250,0,-0.010810264,0.999698322,-0.022048844,-0.026556986,-0.997071857,-0.009107258,0.075930649,0.781161851,0.075707105,0.022804844,0.996869198,0.059833746,0.000000000,0.000000000,0.000000000,1.000000000
37,1790406431850564000,FR_foot,1790406431792363084,1790406431862173334,0.833701584,58.200916,11.609334,69.810250,0,-0.020473598,0.999698322,-0.013558950,-0.026046853,-0.821895173,-0.009107258,0.569566568,0.773195792,0.569271242,0.022804844,0.821833327,0.034274529,0.000000000,0.000000000,0.000000000,1.000000000
37,1790406431850564000,RL_hip,1790406431792363084,1790406431862173334,0.833701584,58.200916,11.609334,69.810250,0,0.020418135,0.989603405,0.142365547,0.146780765,-0.208604977,0.143478000,-0.967418586,0.807277863,-0.977786715,-0.009945563,0.209365829,0.707591541,0.000000000,0.000000000,0.000000000,1.000000000
37,1790406431850564000,RL_thigh,1790406431792363084,1790406431862173334,0.833701584,58.200916,11.609334,69.810250,0,-0.109719307,0.989603104,0.092989887,0.241287600,0.708492079,0.143481052,-0.690979634,0.820979970,-0.697137767,-0.009931492,-0.716868275,0.706641743,0.000000000,0.000000000,0.000000000,1.000000000
37,1790406431850564000,RL_calf,1790406431792363084,1790406431862173334,0.833701584,58.200916,11.609334,69.810250,0,0.090650332,0.989602596,0.111664532,0.221479527,-0.675722741,0.143486095,-0.723056852,0.968148076,-0.731560916,-0.009909204,0.681703938,0.859324420,0.000000000,0.000000000,0.000000000,1.000000000
37,1790406431850564000,RL_calflower,1790406431792363084,1790406431862173334,0.833701584,58.200916,11.609334,69.810250,0,0.084956142,0.989602597,0.116055608,0.206776237,-0.638740483,0.143486094,-0.755925280,1.061603046,-0.764717652,-0.009909204,0.644289178,0.743852410,0.000000000,0.000000000,0.000000000,1.000000000
37,1790406431850564000,RL_calflower1,1790406431792363084,1790406431862173334,0.833701584,58.200916,11.609334,69.810250,0,0.021763604,0.989602596,0.142171713,0.201287265,-0.217489013,0.143486095,-0.965458939,1.098210720,-0.975820000,-0.009909204,0.218350543,0.725735918,0.000000000,0.000000000,0.000000000,1.000000000
37,1790406431850564000,RL_foot,1790406431792363084,1790406431862173334,0.833701584,58.200916,11.609334,69.810250,0,0.090650332,0.989602596,0.111664532,0.197709673,-0.675722741,0.143486095,-0.723056852,1.122088535,-0.731560916,-0.009909204,0.681703938,0.714185804,0.000000000,0.000000000,0.000000000,1.000000000
37,1790406431850564000,RR_hip,1790406431792363084,1790406431862173334,0.833701584,58.200916,11.609334,69.810250,0,0.020418135,0.999113756,0.036804229,0.054334654,-0.208604977,0.040258959,-0.977171363,0.797145691,-0.977786715,0.012274197,0.209242225,0.707822746,0.000000000,0.000000000,0.000000000,1.000000000
37,1790406431850564000,RR_thigh,1790406431792363084,1790406431862173334,0.833701584,58.200916,11.609334,69.810250,0,-0.016222157,0.999114310,0.038822496,-0.041079884,0.637111072,0.040253360,-0.769720626,0.793300991,-0.770601506,0.012247439,-0.637199454,0.706650571,0.000000000,0.000000000,0.000000000,1.000000000
37,1790406431850564000,RR_calf,1790406431792363084,1790406431862173334,0.833701584,58.200916,11.609334,69.810250,0,0.038505284,0.999113765,0.016993447,-0.049343826,-0.756579154,0.040258870,-0.652662163,0.957236264,-0.652767554,0.012273780,0.757458711,0.842362736,0.000000000,0.000000000,0.000000000,1.000000000
37,1790406431850564000,RR_calflower,1790406431792363084,1790406431862173334,0.833701584,58.200916,11.609334,69.810250,0,0.037607845,0.999113765,0.018896671,-0.051088764,-0.723014115,0.040258870,-0.689659703,1.038697782,-0.689808922,0.012273781,0.723887305,0.717203690,0.000000000,0.000000000,0.000000000,1.000000000
37,1790406431850564000,RR_calflower1,1790406431792363084,1790406431862173334,0.833701584,58.200916,11.609334,69.810250,0,0.024631878,0.999113765,0.034127771,-0.052220703,-0.322839360,0.040258870,-0.945597517,1.073513984,-0.946133094,0.012273780,0.323544969,0.695146357,0.000000000,0.000000000,0.000000000,1.000000000
37,1790406431850564000,RR_foot,1790406431792363084,1790406431862173334,0.833701584,58.200916,11.609334,69.810250,0,0.038505284,0.999113765,0.016993447,-0.052963435,-0.756579154,0.040258870,-0.652662163,1.096251864,-0.652767554,0.012273780,0.757458711,0.681024341,0.000000000,0.000000000,0.000000000,1.000000000
38,1790406431918462000,FL_hip,1790406431862173334,1790406431930224380,0.827153575,56.288666,11.762380,68.051046,0,0.018626183,0.974876967,0.221963318,0.164294379,-0.197975425,0.221202350,-0.954921958,0.725969705,-0.980029894,-0.026157017,0.197121891,0.325117195,0.000000000,0.000000000,0.000000000,1.000000000
38,1790406431918462000,FL_thigh,1790406431862173334,1790406431930224380,0.827153575,56.288666,11.762380,68.051046,0,0.078331496,0.974892453,0.208443353,0.257381104,-0.453141328,0.221056137,-0.863595863,0.747091201,-0.887990435,-0.026807827,0.459079678,0.322619606,0.000000000,0.000000000,0.000000000,1.000000000
38,1790406431918462000,FL_calf,1790406431862173334,1790406431930224380,0.827153575,56.288666,11.762380,68.051046,0,0.194668862,0.974869458,-0.108320474,0.213099405,-0.790164840,0.221292208,0.571550504,0.930449015,0.581157519,-0.025672341,0.813385943,0.225105782,0.000000000,0.000000000,0.000000000,1.000000000
38,1790406431918462000,FL_calflower,1790406431862173334,1790406431930224380,0.827153575,56.288666,11.762380,68.051046,0,0.199839343,0.974869458,-0.098455714,0.233045344,-0.817742959,0.221292208,0.531344432,0.830248930,0.539778869,-0.025672341,0.841415192,0.116513135,0.000000000,0.000000000,0.000000000,1.000000000
38,1790406431918462000,FL_calflower1,1790406431862173334,1790406431930224380,0.827153575,56.288666,11.762380,68.051046,0,0.222721281,0.974869458,0.004951928,0.235000675,-0.970697647,0.221292208,0.093683144,0.817201211,0.090233102,-0.025672341,0.995589645,0.077520016,0.000000000,0.000000000,0.000000000,1.000000000
38,1790406431918462000,FL_foot,1790406431862173334,1790406431930224380,0.827153575,56.288666,11.762380,68.051046,0,0.194668862,0.974869458,-0.108320474,0.236218472,-0.790164840,0.221292208,0.571550504,0.808948286,0.581157519,-0.025672341,0.813385943,0.052121111,0.000000000,0.000000000,0.000000000,1.000000000
38,1790406431918462000,FR_hip,1790406431862173334,1790406431930224380,0.827153575,56.288666,11.762380,68.051046,0,0.018626183,0.998631165,0.048873436,0.072006220,-0.197975425,0.051597741,-0.978848353,0.714499035,-0.980029894,0.008556197,0.198665601,0.325680402,0.000000000,0.000000000,0.000000000,1.000000000
38,1790406431918462000,FR_thigh,1790406431862173334,1790406431930224380,0.827153575,56.288666,11.762380,68.051046,0,0.034132505,0.998633234,0.039577590,-0.023343223,-0.521242148,0.051575838,-0.851849312,0.709572246,-0.852725930,0.008445971,0.522290127,0.324863501,0.000000000,0.000000000,0.000000000,1.000000000
38,1790406431918462000,FR_calf,1790406431862173334,1790406431930224380,0.827153575,56.288666,11.762380,68.051046,0,0.037976410,0.998631159,-0.035963198,-0.031779745,-0.827819761,0.051597805,0.558616867,0.890964206,0.559707797,0.008556511,0.828645757,0.213630541,0.000000000,0.000000000,0.000000000,1.000000000
38,1790406431918462000,FR_calflower,1790406431862173334,1790406431930224380,0.827153575,56.288666,11.762380,68.051046,0,0.039726360,0.998631159,-0.034020224,-0.025698203,-0.854704408,0.051597805,0.516544998,0.791747842,0.517593282,0.008556511,0.855583896,0.102182018,0.000000000,0.000000000,0.000000000,1.000000000
38,1790406431918462000,FR_calflower1,1790406431862173334,1790406431930224380,0.827153575,56.288666,11.762380,68.051046,0,0.050946911,0.998631159,-0.011830960,-0.024734677,-0.996648194,0.051597804,0.063488093,0.779633917,0.064011787,0.008556511,0.997912371,0.062782561,0.000000000,0.000000000,0.000000000,1.000000000
38,1790406431918462000,FR_foot,1790406431862173334,1790406431930224380,0.827153575,56.288666,11.762380,68.051046,0,0.037976410,0.998631159,-0.035963198,-0.024120152,-0.827819761,0.051597805,0.558616867,0.771995463,0.559707797,0.008556511,0.828645757,0.037125621,0.000000000,0.000000000,0.000000000,1.000000000
38,1790406431918462000,RL_hip,1790406431862173334,1790406431930224380,0.827153575,56.288666,11.762380,68.051046,0,0.018626183,0.979125243,0.202402011,0.157089772,-0.197975425,0.202040690,-0.959158998,0.802546599,-0.980029894,-0.022205438,0.197606043,0.704192758,0.000000000,0.000000000,0.000000000,1.000000000
38,1790406431918462000,RL_thigh,1790406431862173334,1790406431930224380,0.827153575,56.288666,11.762380,68.051046,0,-0.160674653,0.979125097,0.124488759,0.250576641,0.702479261,0.202042244,-0.682423999,0.821837678,-0.693330322,-0.022197753,-0.720277826,0.702072535,0.000000000,0.000000000,0.000000000,1.000000000
38,1790406431918462000,RL_calf,1790406431862173334,1790406431930224380,0.827153575,56.288666,11.762380,68.051046,0,0.129189427,0.979121215,0.156944221,0.224063722,-0.702193701,0.202081905,-0.682706089,0.967170699,-0.700167292,-0.022007120,0.713639456,0.855496429,0.000000000,0.000000000,0.000000000,1.000000000
38,1790406431918462000,RL_calflower,1790406431862173334,1790406431930224380,0.827153575,56.288666,11.762380,68.051046,0,0.121184031,0.979121215,0.163204862,0.203447532,-0.667195058,0.202081905,-0.716947942,1.054131042,-0.734959372,-0.022007120,0.677753813,0.735902135,0.000000000,0.000000000,0.000000000,1.000000000
38,1790406431918462000,RL_calflower1,1790406431862173334,1790406431930224380,0.827153575,56.288666,11.762380,68.051046,0,0.032125014,0.979121215,0.200722146,0.195712806,-0.260727000,0.202081905,-0.944025968,1.089466413,-0.964877828,-0.022007120,0.261775258,0.716147012,0.000000000,0.000000000,0.000000000,1.000000000
38,1790406431918462000,RL_foot,1790406431862173334,1790406431930224380,0.827153575,56.288666,11.762380,68.051046,0,0.129189427,0.979121215,0.156944221,0.190671086,-0.702193701,0.202081905,-0.682706089,1.112526856,-0.700167292,-0.022007120,0.713639456,0.703527844,0.000000000,0.000000000,0.000000000,1.000000000
38,1790406431918462000,RR_hip,1790406431862173334,1790406431930224380,0.827153575,56.288666,11.762380,68.051046,0,0.018626183,0.993249360,0.114492462,0.064801613,-0.197975425,0.115908853,-0.973330141,0.791075929,-0.980029894,-0.004537547,0.198797989,0.704755965,0.000000000,0.000000000,0.000000000,1.000000000
38,1790406431918462000,RR_thigh,1790406431862173334,1790406431930224380,0.827153575,56.288666,11.762380,68.051046,0,-0.083726579,0.993255793,0.080203123,-0.030016816,0.687414719,0.115839095,-0.716967923,0.780010350,-0.721423078,-0.004896742,-0.692477138,0.705189251,0.000000000,0.000000000,0.000000000,1.000000000
38,1790406431918462000,RR_calf,1790406431862173334,1790406431930224380,0.827153575,56.288666,11.762380,68.051046,0,0.072561708,0.993262502,0.090355691,-0.047027305,-0.657132438,0.115762437,-0.744833345,0.932629906,-0.750274493,-0.005329554,0.661104835,0.852646069,0.000000000,0.000000000,0.000000000,1.000000000
38,1790406431918462000,RR_calflower,1790406431862173334,1790406431930224380,0.827153575,56.288666,11.762380,68.051046,0,0.067955122,0.993262502,0.093869344,-0.059005824,-0.619085041,0.115762436,-0.776745430,1.029515722,-0.782378316,-0.005329554,0.622780530,0.739998798,0.000000000,0.000000000,0.000000000,1.000000000
38,1790406431918462000,RR_calflower1,1790406431862173334,1790406431930224380,0.827153575,56.288666,11.762380,68.051046,0,0.016928940,0.993262502,0.114641892,-0.063441427,-0.190440424,0.115762436,-0.974849833,1.066699148,-0.981552674,-0.005329554,0.191117155,0.722944755,0.000000000,0.000000000,0.000000000,1.000000000
38,1790406431918462000,RR_foot,1790406431862173334,1790406431930224380,0.827153575,56.288666,11.762380,68.051046,0,0.072561708,0.993262502,0.090355691,-0.066332082,-0.657132438,0.115762437,-0.744833345,1.090944952,-0.750274493,-0.005329554,0.661104835,0.712087203,0.000000000,0.000000000,0.000000000,1.000000000
39,1790406431986579000,FL_hip,1790406431930224380,1790406431995988369,0.856922168,56.354620,9.409369,65.763989,0,0.010673964,0.976586027,0.214861681,0.177177473,-0.188123633,0.212998247,-0.958771061,0.723850257,-0.982087248,-0.030186956,0.185992492,0.335640248,0.000000000,0.000000000,0.000000000,1.000000000
39,1790406431986579000,FL_thigh,1790406431930224380,1790406431995988369,0.856922168,56.354620,9.409369,65.763989,0,0.082558860,0.976585435,0.198657159,0.270438262,-0.500442561,0.213008052,-0.839157622,0.744190916,-0.861824355,-0.030136885,0.506310548,0.332757489,0.000000000,0.000000000,0.000000000,1.000000000
39,1790406431986579000,FL_calf,1790406431930224380,1790406431995988369,0.856922168,56.354620,9.409369,65.763989,0,0.196135721,0.976586399,-0.088371528,0.228132344,-0.823839005,0.212991344,0.525285334,0.922911887,0.531808804,-0.030223590,0.846324851,0.224922680,0.000000000,0.000000000,0.000000000,1.000000000
39,1790406431986579000,FL_calflower,1790406431930224380,1790406431995988369,0.856922168,56.354620,9.409369,65.763989,0,0.200307338,0.976586399,-0.078458386,0.245128103,-0.849062746,0.212991344,0.483454075,0.828698167,0.488845568,-0.030223590,0.871846527,0.110307117,0.000000000,0.000000000,0.000000000,1.000000000
39,1790406431986579000,FL_calflower1,1790406431930224380,1790406431995988369,0.856922168,56.354620,9.409369,65.763989,0,0.213902040,0.976586399,0.022905567,0.246261794,-0.976363369,0.212991344,0.036741815,0.817850885,0.031002966,-0.030223590,0.999062147,0.070546444,0.000000000,0.000000000,0.000000000,1.000000000
39,1790406431986579000,FL_foot,1790406431930224380,1790406431995988369,0.856922168,56.354620,9.409369,65.763989,0,0.196135721,0.976586399,-0.088371528,0.246946949,-0.823839005,0.212991344,0.525285334,0.811031801,0.531808804,-0.030223590,0.846324851,0.044662542,0.000000000,0.000000000,0.000000000,1.000000000
39,1790406431986579000,FR_hip,1790406431930224380,1790406431995988369,0.856922168,56.354620,9.409369,65.763989,0,0.010673964,0.998813926,0.047503162,0.084674274,-0.188123633,0.048663391,-0.980939384,0.714286131,-0.982087248,0.001533772,0.188420028,0.336466944,0.000000000,0.000000000,0.000000000,1.000000000
39,1790406431986579000,FR_thigh,1790406431930224380,1790406431995988369,0.856922168,56.354620,9.409369,65.763989,0,0.025540468,0.998814029,0.041448327,-0.010711832,-0.497063008,0.048661588,-0.866349305,0.709638807,-0.867338435,0.001524264,0.497716323,0.336320470,0.000000000,0.000000000,0.000000000,1.000000000
39,1790406431986579000,FR_calf,1790406431930224380,1790406431995988369,0.856922168,56.354620,9.409369,65.763989,0,0.040125147,0.998814027,-0.027572739,-0.019540828,-0.840525200,0.048661623,0.539583299,0.894167249,0.540285063,0.001524451,0.841480570,0.230308666,0.000000000,0.000000000,0.000000000,1.000000000
39,1790406431986579000,FR_calflower,1790406431930224380,1790406431995988369,0.856922168,56.354620,9.409369,65.763989,0,0.041453063,0.998814027,-0.025532859,-0.014658875,-0.866442687,0.048661622,0.496900209,0.797500173,0.497553348,0.001524451,0.867431937,0.116576712,0.000000000,0.000000000,0.000000000,1.000000000
39,1790406431986579000,FR_calflower1,1790406431930224380,1790406431995988369,0.856922168,56.354620,9.409369,65.763989,0,0.048559199,0.998814027,-0.003505355,-0.014052489,-0.997988433,0.048661623,0.040642773,0.786288754,0.040765289,0.001524451,0.999167498,0.076904441,0.000000000,0.000000000,0.000000000,1.000000000
39,1790406431986579000,FR_foot,1790406431930224380,1790406431995988369,0.856922168,56.354620,9.409369,65.763989,0,0.040125147,0.998814027,-0.027572739,-0.013669807,-0.840525200,0.048661623,0.539583299,0.779238026,0.540285063,0.001524451,0.841480570,0.051075667,0.000000000,0.000000000,0.000000000,1.000000000
39,1790406431986579000,RL_hip,1790406431930224380,1790406431995988369,0.856922168,56.354620,9.409369,65.763989,0,0.010673964,0.981212926,0.192631785,0.173048784,-0.188123633,0.191173340,-0.963360241,0.796616479,-0.982087248,-0.025956002,0.186629969,0.715511596,0.000000000,0.000000000,0.000000000,1.000000000
39,1790406431986579000,RL_thigh,1790406431930224380,1790406431995988369,0.856922168,56.354620,9.409369,65.763989,0,-0.152640815,0.981212918,0.117990396,0.266754618,0.686984173,0.191173457,-0.701075001,0.814873533,-0.710460332,-0.025955407,-0.703258313,0.713032798,0.000000000,0.000000000,0.000000000,1.000000000
39,1790406431986579000,RL_calf,1790406431930224380,1790406431995988369,0.856922168,56.354620,9.409369,65.763989,0,0.111021349,0.981212933,0.157782075,0.241625092,-0.669543996,0.191173192,-0.717749503,0.964187384,-0.734428487,-0.025956806,0.678189401,0.862811376,0.000000000,0.000000000,0.000000000,1.000000000
39,1790406431986579000,RL_calflower,1790406431930224380,1790406431995988369,0.856922168,56.354620,9.409369,65.763989,0,0.102996784,0.981212933,0.163133643,0.220497575,-0.632834716,0.191173192,-0.750315757,1.057006423,-0.767405986,-0.025956806,0.640635714,0.747772412,0.000000000,0.000000000,0.000000000,1.000000000
39,1790406431986579000,RL_calflower1,1790406431930224380,1790406431995988369,0.856922168,56.354620,9.409369,65.763989,0,0.016025905,0.981212933,0.192260483,0.212943651,-0.214840989,0.191173192,-0.957756160,1.093340681,-0.976517445,-0.025956806,0.213868523,0.729824474,0.000000000,0.000000000,0.000000000,1.000000000
39,1790406431986579000,RL_foot,1790406431930224380,1790406431995988369,0.856922168,56.354620,9.409369,65.763989,0,0.111021349,0.981212933,0.157782075,0.208023608,-0.669543996,0.191173192,-0.717749503,1.117039919,-0.734428487,-0.025956806,0.678189401,0.718384288,0.000000000,0.000000000,0.000000000,1.000000000
39,1790406431986579000,RR_hip,1790406431930224380,1790406431995988369,0.856922168,56.354620,9.409369,65.763989,0,0.010673964,0.997845329,0.064734150,0.080545585,-0.188123633,0.065585717,-0.979953425,0.787052353,-0.982087248,-0.001718310,0.188418435,0.716338292,0.000000000,0.000000000,0.000000000,1.000000000
39,1790406431986579000,RR_thigh,1790406431930224380,1790406431995988369,0.856922168,56.354620,9.409369,65.763989,0,-0.046825549,0.997846098,0.045937734,-0.014733829,0.692952333,0.065572137,-0.717995864,0.780790066,-0.719461486,-0.001788165,-0.694529909,0.716502331,0.000000000,0.000000000,0.000000000,1.000000000
39,1790406431986579000,RR_calf,1790406431930224380,1790406431995988369,0.856922168,56.354620,9.409369,65.763989,0,0.039255025,0.997844610,0.052582511,-0.024504333,-0.616908899,0.065598368,-0.784296478,0.933700749,-0.786055003,-0.001651315,0.618154210,0.864435914,0.000000000,0.000000000,0.000000000,1.000000000
39,1790406431986579000,RR_calflower,1790406431930224380,1790406431995988369,0.856922168,56.354620,9.409369,65.763989,0,0.036577936,0.997844610,0.054478730,-0.031493852,-0.576939437,0.065598368,-0.814148906,1.037417290,-0.815967473,-0.001651315,0.578095302,0.757234702,0.000000000,0.000000000,0.000000000,1.000000000
39,1790406431986579000,RR_calflower1,1790406431930224380,1790406431995988369,0.856922168,56.354620,9.409369,65.763989,0,0.007287301,0.997844610,0.065213287,-0.034037678,-0.135785341,0.065598368,-0.988564564,1.075745368,-0.990711378,-0.001651315,0.135970811,0.742272186,0.000000000,0.000000000,0.000000000,1.000000000
39,1790406431986579000,RR_foot,1790406431930224380,1790406431995988369,0.856922168,56.354620,9.409369,65.763989,0,0.039255025,0.997844610,0.052582511,-0.035695012,-0.616908899,0.065598368,-0.784296478,1.100722733,-0.786055003,-0.001651315,0.618154210,0.732778448,0.000000000,0.000000000,0.000000000,1.000000000
40,1790406432518452000,FL_hip,1790406432322135055,1790406432795974291,0.414311290,196.316945,277.522291,473.839236,1,0.008369319,0.993626285,0.112412196,0.178499832,-0.198891520,0.111824158,-0.973621190,0.711201314,-0.979985671,-0.014209568,0.198559810,0.330615800,0.000000000,0.000000000,0.000000000,1.000000000
40,1790406432518452000,FL_thigh,1790406432322135055,1790406432795974291,0.414311290,196.316945,277.522291,473.839236,1,0.026755934,0.993652360,0.109265042,0.273001336,-0.399043309,0.110834306,-0.910209259,0.721840712,-0.916541549,-0.019248265,0.399475804,0.329263537,0.000000000,0.000000000,0.000000000,1.000000000
40,1790406432518452000,FL_calf,1790406432322135055,1790406432795974291,0.414311290,196.316945,277.522291,473.839236,1,0.101389912,0.993602309,-0.049742112,0.249700659,-0.840931579,0.112311885,0.529358877,0.913631409,0.531558786,-0.011842219,0.846938513,0.244900457,0.000000000,0.000000000,0.000000000,1.000000000
40,1790406432518452000,FL_calflower,1790406432322135055,1790406432795974291,0.414311290,196.316945,277.522291,473.839236,1,0.103749271,0.993602309,-0.044612564,0.259365246,-0.866337550,0.112311885,0.486668254,0.818912336,0.488565192,-0.011842219,0.872446927,0.130286582,0.000000000,0.000000000,0.000000000,1.000000000
40,1790406432518452000,FL_calflower1,1790406432322135055,1790406432795974291,0.414311290,196.316945,277.522291,473.839236,1,0.112626229,0.993602309,0.008338135,0.260208866,-0.993170274,0.112311885,0.031615631,0.808143282,0.030477023,-0.011842219,0.999465226,0.090556395,0.000000000,0.000000000,0.000000000,1.000000000
40,1790406432518452000,FL_foot,1790406432322135055,1790406432795974291,0.414311290,196.316945,277.522291,473.839236,1,0.101389912,0.993602309,-0.049742112,0.260730201,-0.840931579,0.112311885,0.529358877,0.801377939,0.531558786,-0.011842219,0.846938513,0.064692670,0.000000000,0.000000000,0.000000000,1.000000000
40,1790406432518452000,FR_hip,1790406432322135055,1790406432795974291,0.414311290,196.316945,277.522291,473.839236,1,0.008369319,0.996945864,-0.077644310,0.085835978,-0.198891520,-0.074436127,-0.977190937,0.703342430,-0.979985671,0.023620955,0.197661226,0.331419442,0.000000000,0.000000000,0.000000000,1.000000000
40,1790406432518452000,FR_thigh,1790406432322135055,1790406432795974291,0.414311290,196.316945,277.522291,473.839236,1,-0.023304410,0.996945785,-0.074536886,-0.009370766,-0.572352926,-0.074434246,-0.816622539,0.710450963,-0.819676139,0.023630236,0.572339467,0.329163678,0.000000000,0.000000000,0.000000000,1.000000000
40,1790406432518452000,FR_calf,1790406432322135055,1790406432795974291,0.414311290,196.316945,277.522291,473.839236,1,-0.074523116,0.996945732,0.023350688,0.006506059,-0.816222158,-0.074432985,0.572923921,0.884387390,0.572912103,0.023636465,0.819275818,0.207256690,0.000000000,0.000000000,0.000000000,1.000000000
40,1790406432518452000,FR_calflower,1790406432322135055,1790406432795974291,0.414311290,196.316945,277.522291,473.839236,1,-0.075597030,0.996945732,0.019596902,0.001561881,-0.843836355,-0.074432985,0.531413810,0.783272842,0.531249387,0.023636465,0.846885607,0.097463553,0.000000000,0.000000000,0.000000000,1.000000000
40,1790406432518452000,FR_calflower1,1790406432322135055,1790406432795974291,0.414311290,196.316945,277.522291,473.839236,1,-0.076103623,0.996945732,-0.017526781,0.001534628,-0.993874393,-0.074432985,0.081695296,0.770454877,0.080141372,0.023636465,0.996503138,0.058276223,0.000000000,0.000000000,0.000000000,1.000000000
40,1790406432518452000,FR_foot,1790406432322135055,1790406432795974291,0.414311290,196.316945,277.522291,473.839236,1,-0.074523116,0.996945732,0.023350688,0.001535625,-0.816222158,-0.074432985,0.572923921,0.762357592,0.572912103,0.023636465,0.819275818,0.032753355,0.000000000,0.000000000,0.000000000,1.000000000
40,1790406432518452000,RL_hip,1790406432322135055,1790406432795974291,0.414311290,196.316945,277.522291,473.839236,1,0.008369319,0.995111513,0.098401083,0.175262580,-0.198891520,0.098094971,-0.975100118,0.788132554,-0.979985671,-0.011410498,0.198740309,0.709674258,0.000000000,0.000000000,0.000000000,1.000000000
40,1790406432518452000,RL_thigh,1790406432322135055,1790406432795974291,0.414311290,196.316945,277.522291,473.839236,1,-0.082660325,0.995107478,0.054112099,0.270285094,0.766623534,0.098186281,-0.634545910,0.797499593,-0.636754359,-0.010968443,-0.770988589,0.708584674,0.000000000,0.000000000,0.000000000,1.000000000
40,1790406432518452000,RL_calf,1790406432322135055,1790406432795974291,0.414311290,196.316945,277.522291,473.839236,1,0.048528424,0.995107051,0.086062130,0.258695832,-0.582085524,0.098195475,-0.807177051,0.932395114,-0.811678150,-0.010924771,0.584002616,0.872507944,0.000000000,0.000000000,0.000000000,1.000000000
40,1790406432518452000,RL_calflower,1790406432322135055,1790406432795974291,0.414311290,196.316945,277.522291,473.839236,1,0.044166462,0.995107051,0.088379985,0.246994398,-0.541016030,0.098195475,-0.835260441,1.039966848,-0.839851729,-0.010924771,0.542705766,0.770068108,0.000000000,0.000000000,0.000000000,1.000000000
40,1790406432518452000,RL_calflower1,1790406432322135055,1790406432795974291,0.414311290,196.316945,277.522291,473.839236,1,-0.001636609,0.995107051,0.098787751,0.243028949,-0.094172594,0.098195475,-0.990701707,1.078697698,-0.995554440,-0.010924771,0.093551220,0.756787870,0.000000000,0.000000000,0.000000000,1.000000000
40,1790406432518452000,RL_foot,1790406432322135055,1790406432795974291,0.414311290,196.316945,277.522291,473.839236,1,0.048528424,0.995107051,0.086062130,0.240448512,-0.582085524,0.098195475,-0.807177051,1.103926888,-0.811678150,-0.010924771,0.584002616,0.748389620,0.000000000,0.000000000,0.000000000,1.000000000
40,1790406432518452000,RR_hip,1790406432322135055,1790406432795974291,0.414311290,196.316945,277.522291,473.839236,1,0.008369319,0.999939109,-0.007174533,0.082598726,-0.198891520,-0.005366894,-0.980007173,0.780273670,-0.979985671,0.009628676,0.198834601,0.710477900,0.000000000,0.000000000,0.000000000,1.000000000
40,1790406432518452000,RR_thigh,1790406432322135055,1790406432795974291,0.414311290,196.316945,277.522291,473.839236,1,0.010974273,0.999937059,0.002277158,-0.012889292,0.643409673,-0.005318174,-0.765504024,0.780786168,-0.765443609,0.009865725,-0.643427210,0.709558422,0.000000000,0.000000000,0.000000000,1.000000000
40,1790406432518452000,RR_calf,1790406432322135055,1790406432795974291,0.414311290,196.316945,277.522291,473.839236,1,0.003403755,0.999935177,-0.010853426,-0.013414689,-0.706715057,-0.005273489,-0.707479129,0.943683314,-0.707490166,0.010078095,0.706651203,0.846484766,0.000000000,0.000000000,0.000000000,1.000000000
40,1790406432518452000,RR_calflower,1790406432322135055,1790406432795974291,0.414311290,196.316945,277.522291,473.839236,1,0.003941946,0.999935177,-0.010669745,-0.011701890,-0.670472628,-0.005273489,-0.741915996,1.033949837,-0.741923827,0.010078094,0.670408302,0.728136464,0.000000000,0.000000000,0.000000000,1.000000000
40,1790406432518452000,RR_calflower1,1790406432322135055,1790406432795974291,0.414311290,196.316945,277.522291,473.839236,1,0.008423552,0.999935177,-0.007643701,-0.011310817,-0.252104460,-0.005273489,-0.967686019,1.070209580,-0.967663261,0.010078094,0.252043787,0.708802007,0.000000000,0.000000000,0.000000000,1.000000000
40,1790406432518452000,RR_foot,1790406432322135055,1790406432795974291,0.414311290,196.316945,277.522291,473.839236,1,0.003403755,0.999935177,-0.010853426,-0.011058485,-0.706715057,-0.005273489,-0.707479129,1.093869312,-0.707490166,0.010078095,0.706651203,0.696456560,0.000000000,0.000000000,0.000000000,1.000000000
41,1790406432586455000,FL_hip,1790406432322135055,1790406432795974291,0.557826210,264.319945,209.519291,473.839236,1,0.000821669,0.995439992,0.095384933,0.181080133,-0.197457266,0.093668460,-0.975826597,0.707979249,-0.980311048,-0.018032917,0.196633906,0.333943896,0.000000000,0.000000000,0.000000000,1.000000000
41,1790406432586455000,FL_thigh,1790406432322135055,1790406432795974291,0.557826210,264.319945,209.519291,473.839236,1,0.018803235,0.995432932,0.093591954,0.275748426,-0.427921307,0.092613881,-0.899058799,0.716884522,-0.903620307,-0.023145051,0.427708401,0.332229491,0.000000000,0.000000000,0.000000000,1.000000000
41,1790406432586455000,FL_calf,1790406432322135055,1790406432795974291,0.557826210,264.319945,209.519291,473.839236,1,0.088653394,0.995435459,-0.035334987,0.255788703,-0.851608793,0.094148321,0.515654202,0.906272921,0.516627173,-0.015623185,0.856067819,0.241885051,0.000000000,0.000000000,0.000000000,1.000000000
41,1790406432586455000,FL_calflower,1790406432322135055,1790406432795974291,0.557826210,264.319945,209.519291,473.839236,1,0.090308614,0.995435459,-0.030860005,0.263072169,-0.876316473,0.094148321,0.472447068,0.813374927,0.473195964,-0.015623185,0.880818554,0.125623833,0.000000000,0.000000000,0.000000000,1.000000000
41,1790406432586455000,FL_calflower1,1790406432322135055,1790406432795974291,0.557826210,264.319945,209.519291,473.839236,1,0.094353789,0.995435459,0.014329970,0.263502156,-0.995454480,0.094148321,0.014393453,0.803274610,0.012978753,-0.015623185,0.999793628,0.085712792,0.000000000,0.000000000,0.000000000,1.000000000
41,1790406432586455000,FL_foot,1790406432322135055,1790406432795974291,0.557826210,264.319945,209.519291,473.839236,1,0.088653394,0.995435459,-0.035334987,0.263758798,-0.851608793,0.094148321,0.515654202,0.796945019,0.516627173,-0.015623185,0.856067819,0.059735670,0.000000000,0.000000000,0.000000000,1.000000000
41,1790406432586455000,FR_hip,1790406432322135055,1790406432795974291,0.557826210,264.319945,209.519291,473.839236,1,0.000821669,0.997771523,-0.066716194,0.088489991,-0.197457266,-0.065240890,-0.978138515,0.699414832,-0.980311048,0.013977045,0.196963757,0.335591387,0.000000000,0.000000000,0.000000000,1.000000000
41,1790406432586455000,FR_thigh,1790406432322135055,1790406432795974291,0.557826210,264.319945,209.519291,473.839236,1,-0.025922284,0.997771515,-0.061479888,-0.006795576,-0.572197733,-0.065238988,-0.817517173,0.705645231,-0.819705880,0.013986482,0.572613725,0.334256602,0.000000000,0.000000000,0.000000000,1.000000000
41,1790406432586455000,FR_calf,1790406432322135055,1790406432795974291,0.557826210,264.319945,209.519291,473.839236,1,-0.061447669,0.997771510,0.025998766,0.006300163,-0.816749274,-0.065237710,0.573293436,0.879772148,0.573711940,0.013992814,0.818937508,0.212291208,0.000000000,0.000000000,0.000000000,1.000000000
41,1790406432586455000,FR_calflower,1790406432322135055,1790406432795974291,0.557826210,264.319945,209.519291,473.839236,1,-0.062670272,0.997771510,0.022895171,0.001225607,-0.844381280,-0.065237710,0.531756518,0.778592430,0.532065133,0.013992814,0.846587695,0.102564143,0.000000000,0.000000000,0.000000000,1.000000000
41,1790406432586455000,FR_calflower1,1790406432322135055,1790406432795974291,0.557826210,264.319945,209.519291,473.839236,1,-0.066160727,0.997771510,-0.008631926,0.000937170,-0.994515995,-0.065237710,0.081747641,0.765766215,0.081002504,0.013992814,0.996615586,0.063380576,0.000000000,0.000000000,0.000000000,1.000000000
41,1790406432586455000,FR_foot,1790406432322135055,1790406432795974291,0.557826210,264.319945,209.519291,473.839236,1,-0.061447669,0.997771510,0.025998766,0.000765741,-0.816749274,-0.065237710,0.573293436,0.757663718,0.573711940,0.013992814,0.818937508,0.037859946,0.000000000,0.000000000,0.000000000,1.000000000
41,1790406432586455000,RL_hip,1790406432322135055,1790406432795974291,0.557826210,264.319945,209.519291,473.839236,1,0.000821669,0.994649884,0.103298937,0.180762311,-0.197457266,0.101426528,-0.975050761,0.784355720,-0.980311048,-0.019596233,0.196484266,0.713128209,0.000000000,0.000000000,0.000000000,1.000000000
41,1790406432586455000,RL_thigh,1790406432322135055,1790406432795974291,0.557826210,264.319945,209.519291,473.839236,1,-0.091390031,0.994649515,0.048165791,0.275740573,0.778268430,0.101516063,-0.619672042,0.794040840,-0.621246018,-0.019146209,-0.783381540,0.711256984,0.000000000,0.000000000,0.000000000,1.000000000
41,1790406432586455000,RL_calf,1790406432322135055,1790406432795974291,0.557826210,264.319945,209.519291,473.839236,1,0.041850801,0.994649479,0.094449261,0.265415563,-0.565047937,0.101524800,-0.818788277,0.925765701,-0.823995940,-0.019101691,0.566273474,0.877813741,0.000000000,0.000000000,0.000000000,1.000000000
41,1790406432586455000,RL_calflower,1790406432322135055,1790406432795974291,0.557826210,264.319945,209.519291,473.839236,1,0.037078003,0.994649479,0.096422892,0.252344088,-0.523419416,0.101524800,-0.846005632,1.035391170,-0.851268037,-0.019101691,0.524383147,0.777752547,0.000000000,0.000000000,0.000000000,1.000000000
41,1790406432586455000,RL_calflower1,1790406432322135055,1790406432795974291,0.557826210,264.319945,209.519291,473.839236,1,-0.011638084,0.994649479,0.102648465,0.248128833,-0.073602582,0.101524799,-0.992106887,1.074374224,-0.997219644,-0.019101691,0.072027337,0.765319031,0.000000000,0.000000000,0.000000000,1.000000000
41,1790406432586455000,RL_foot,1790406432322135055,1790406432795974291,0.557826210,264.319945,209.519291,473.839236,1,0.041850801,0.994649479,0.094449261,0.245388277,-0.565047937,0.101524800,-0.818788277,1.099762488,-0.823995940,-0.019101691,0.566273474,0.757472231,0.000000000,0.000000000,0.000000000,1.000000000
41,1790406432586455000,RR_hip,1790406432322135055,1790406432795974291,0.557826210,264.319945,209.519291,473.839236,1,0.000821669,0.999998802,-0.001208109,0.088172169,-0.197457266,-0.001022147,-0.980311319,0.775791303,-0.980311048,0.001043775,0.197456298,0.714775700,0.000000000,0.000000000,0.000000000,1.000000000
41,1790406432586455000,RR_thigh,1790406432322135055,1790406432795974291,0.557826210,264.319945,209.519291,473.839236,1,0.001609244,0.999998569,0.000103768,-0.007321447,0.653976310,-0.000973974,-0.756514863,0.775888917,-0.756513562,0.001285013,-0.653976612,0.714676025,0.000000000,0.000000000,0.000000000,1.000000000
41,1790406432586455000,RR_calf,1790406432322135055,1790406432795974291,0.557826210,264.319945,209.519291,473.839236,1,0.000447093,0.999998308,-0.001709632,-0.007384681,-0.688825678,-0.000931458,-0.724926904,0.936869246,-0.724926932,0.001501482,0.688824012,0.853846846,0.000000000,0.000000000,0.000000000,1.000000000
41,1790406432586455000,RR_calflower,1790406432322135055,1790406432795974291,0.557826210,264.319945,209.519291,473.839236,1,0.000531980,0.999998308,-0.001685150,-0.007078099,-0.651733581,-0.000931458,-0.758447870,1.030067434,-0.758447814,0.001501482,0.651731915,0.737791316,0.000000000,0.000000000,0.000000000,1.000000000
41,1790406432586455000,RR_calflower1,1790406432322135055,1790406432795974291,0.557826210,264.319945,209.519291,473.839236,1,0.001250031,0.999998308,-0.001249062,-0.007010869,-0.227848946,-0.000931458,-0.973696405,1.066798502,-0.973695586,0.001501482,0.227847494,0.719368997,0.000000000,0.000000000,0.000000000,1.000000000
41,1790406432586455000,RR_foot,1790406432322135055,1790406432795974291,0.557826210,264.319945,209.519291,473.839236,1,0.000447093,0.999998308,-0.001709632,-0.006967536,-0.688825678,-0.000931458,-0.724926904,1.090759004,-0.724926932,0.001501482,0.688824012,0.707618642,0.000000000,0.000000000,0.000000000,1.000000000
42,1790406432654450000,FL_hip,1790406432322135055,1790406432795974291,0.701324246,332.314945,141.524291,473.839236,1,-0.009345622,0.997727985,0.066717765,0.175579423,-0.186940525,0.063801083,-0.980297591,0.702892110,-0.982326675,-0.021634014,0.185919616,0.334182873,0.000000000,0.000000000,0.000000000,1.000000000
42,1790406432654450000,FL_thigh,1790406432322135055,1790406432795974291,0.701324246,332.314945,141.524291,473.839236,1,0.004990992,0.997681343,0.067873127,0.270525617,-0.448254760,0.062904828,-0.891690169,0.708955353,-0.893891850,-0.025974302,0.447529359,0.332125693,0.000000000,0.000000000,0.000000000,1.000000000
42,1790406432654450000,FL_calf,1790406432322135055,1790406432795974291,0.701324246,332.314945,141.524291,473.839236,1,0.065464861,0.997746325,-0.014709026,0.256029446,-0.867122607,0.064176063,0.493943844,0.897093245,0.493774595,-0.019581706,0.869369333,0.237445850,0.000000000,0.000000000,0.000000000,1.000000000
42,1790406432654450000,FL_calflower,1790406432322135055,1790406432795974291,0.701324246,332.314945,141.524291,473.839236,1,0.066118192,0.997746325,-0.011418764,0.259759866,-0.890725833,0.064176063,0.449988475,0.807025517,0.449707148,-0.019581706,0.892961292,0.118747234,0.000000000,0.000000000,0.000000000,1.000000000
42,1790406432654450000,FL_calflower1,1790406432322135055,1790406432795974291,0.701324246,332.314945,141.524291,473.839236,1,0.063919448,0.997746325,0.020403619,0.259639976,-0.997864598,0.064176063,-0.012181148,0.797960634,-0.013462971,-0.019581707,0.999717528,0.078577023,0.000000000,0.000000000,0.000000000,1.000000000
42,1790406432654450000,FL_foot,1790406432322135055,1790406432795974291,0.701324246,332.314945,141.524291,473.839236,1,0.065464861,0.997746325,-0.014709026,0.259546231,-0.867122607,0.064176063,0.493943844,0.792305699,0.493774595,-0.019581706,0.869369333,0.052437692,0.000000000,0.000000000,0.000000000,1.000000000
42,1790406432654450000,FR_hip,1790406432322135055,1790406432795974291,0.701324246,332.314945,141.524291,473.839236,1,-0.009345622,0.997682708,-0.067391447,0.082972961,-0.186940525,-0.067949481,-0.980018782,0.694701355,-0.982326675,0.003439052,0.187142478,0.336622667,0.000000000,0.000000000,0.000000000,1.000000000
42,1790406432654450000,FR_thigh,1790406432322135055,1790406432795974291,0.701324246,332.314945,141.524291,473.839236,1,-0.035567773,0.997682784,-0.057997659,-0.012304367,-0.564097648,-0.067947949,-0.822908029,0.701190435,-0.824941645,0.003447081,0.565207246,0.336294242,0.000000000,0.000000000,0.000000000,1.000000000
42,1790406432654450000,FR_calf,1790406432322135055,1790406432795974291,0.701324246,332.314945,141.524291,473.839236,1,-0.057929249,0.997682836,0.035677639,0.000049575,-0.821788253,-0.067946917,0.565727839,0.876466231,0.566841116,0.003452469,0.823819799,0.215906187,0.000000000,0.000000000,0.000000000,1.000000000
42,1790406432654450000,FR_calflower,1790406432322135055,1790406432795974291,0.701324246,332.314945,141.524291,473.839236,1,-0.059639992,0.997682836,0.032737795,-0.006387400,-0.849035839,-0.067946917,0.523948532,0.776305016,0.524958883,0.003452469,0.851120486,0.105318913,0.000000000,0.000000000,0.000000000,1.000000000
42,1790406432654450000,FR_calflower1,1790406432322135055,1790406432795974291,0.701324246,332.314945,141.524291,473.839236,1,-0.068018002,0.997682836,0.001497752,-0.007099939,-0.995039000,-0.067946917,0.072672618,0.763837623,0.072606148,0.003452469,0.997354630,0.066025004,0.000000000,0.000000000,0.000000000,1.000000000
42,1790406432654450000,FR_foot,1790406432322135055,1790406432795974291,0.701324246,332.314945,141.524291,473.839236,1,-0.057929249,0.997682836,0.035677639,-0.007546918,-0.821788253,-0.067946917,0.565727839,0.755968778,0.566841116,0.003452469,0.823819799,0.040434630,0.000000000,0.000000000,0.000000000,1.000000000
42,1790406432654450000,RL_hip,1790406432322135055,1790406432795974291,0.701324246,332.314945,141.524291,473.839236,1,-0.009345622,0.995278352,0.096609496,0.179194309,-0.186940525,0.093171391,-0.977943268,0.775200705,-0.982326675,-0.027199990,0.185187189,0.714146831,0.000000000,0.000000000,0.000000000,1.000000000
42,1790406432654450000,RL_thigh,1790406432322135055,1790406432795974291,0.701324246,332.314945,141.524291,473.839236,1,-0.090711058,0.995282227,0.034416932,0.274234215,0.796254855,0.093241092,-0.597733225,0.784097677,-0.598122251,-0.026816636,-0.800955974,0.711549490,0.000000000,0.000000000,0.000000000,1.000000000
42,1790406432654450000,RL_calf,1790406432322135055,1790406432795974291,0.701324246,332.314945,141.524291,473.839236,1,0.028013070,0.995282636,0.092884207,0.266843766,-0.540481304,0.093247642,-0.836173153,0.911194190,-0.840889518,-0.026778672,0.540543756,0.881892249,0.000000000,0.000000000,0.000000000,1.000000000
42,1790406432654450000,RL_calflower,1790406432322135055,1790406432795974291,0.701324246,332.314945,141.524291,473.839236,1,0.023335786,0.995282636,0.094168196,0.253717223,-0.498014604,0.093247642,-0.862140961,1.023918677,-0.866854553,-0.026778672,0.497841257,0.785262610,0.000000000,0.000000000,0.000000000,1.000000000
42,1790406432654450000,RL_calflower1,1790406432322135055,1790406432795974291,0.701324246,332.314945,141.524291,473.839236,1,-0.022786189,0.995282636,0.094302692,0.249727485,-0.043617683,0.093247641,-0.994687428,1.063306401,-0.998788313,-0.026778672,0.041287287,0.774040809,0.000000000,0.000000000,0.000000000,1.000000000
42,1790406432654450000,RL_foot,1790406432322135055,1790406432795974291,0.701324246,332.314945,141.524291,473.839236,1,0.028013070,0.995282636,0.092884207,0.247136454,-0.540481304,0.093247642,-0.836173153,1.088950659,-0.840889518,-0.026778672,0.540543756,0.766983062,0.000000000,0.000000000,0.000000000,1.000000000
42,1790406432654450000,RR_hip,1790406432322135055,1790406432795974291,0.701324246,332.314945,141.524291,473.839236,1,-0.009345622,0.999932530,-0.006879590,0.086587847,-0.186940525,-0.008505772,-0.982334768,0.767009950,-0.982326675,-0.007894718,0.187007507,0.716586625,0.000000000,0.000000000,0.000000000,1.000000000
42,1790406432654450000,RR_thigh,1790406432322135055,1790406432795974291,0.701324246,332.314945,141.524291,473.839236,1,-0.000015121,0.999934452,-0.011437877,-0.008900386,0.671261537,-0.008467910,-0.741172684,0.767822223,-0.741220840,-0.007689277,-0.671217083,0.717340525,0.000000000,0.000000000,0.000000000,1.000000000
42,1790406432654450000,RR_calf,1790406432322135055,1790406432795974291,0.701324246,332.314945,141.524291,473.839236,1,-0.011212107,0.999936124,-0.001330281,-0.006500765,-0.663592467,-0.008435984,-0.748047175,0.925560184,-0.748010278,-0.007504684,0.663644585,0.860200959,0.000000000,0.000000000,0.000000000,1.000000000
42,1790406432654450000,RR_calflower,1790406432322135055,1790406432795974291,0.701324246,332.314945,141.524291,473.839236,1,-0.011131609,0.999936124,-0.001888990,-0.006488647,-0.625376373,-0.008435984,-0.780278111,1.022725975,-0.780243865,-0.007504684,0.625430269,0.747346297,0.000000000,0.000000000,0.000000000,1.000000000
42,1790406432654450000,RR_calflower1,1790406432322135055,1790406432795974291,0.701324246,332.314945,141.524291,473.839236,1,-0.009001384,0.999936124,-0.006815870,-0.006297489,-0.194389485,-0.008435984,-0.980888509,1.060084418,-0.980883021,-0.007504684,0.194453105,0.730182579,0.000000000,0.000000000,0.000000000,1.000000000
42,1790406432654450000,RR_foot,1790406432322135055,1790406432795974291,0.701324246,332.314945,141.524291,473.839236,1,-0.011212107,0.999936124,-0.001330281,-0.006170971,-0.663592467,-0.008435984,-0.748047175,1.084445022,-0.748010278,-0.007504684,0.663644585,0.719253210,0.000000000,0.000000000,0.000000000,1.000000000
43,1790406432718452000,FL_hip,1790406432322135055,1790406432795974291,0.836395374,396.316945,77.522291,473.839236,1,-0.007530494,0.998183516,0.059772016,0.162388045,-0.169354909,0.057637111,-0.983868683,0.701685464,-0.985526257,-0.017531969,0.168613322,0.333485503,0.000000000,0.000000000,0.000000000,1.000000000
43,1790406432718452000,FL_thigh,1790406432322135055,1790406432795974291,0.836395374,396.316945,77.522291,473.839236,1,0.008176354,0.998162013,0.060045629,0.257494749,-0.459915246,0.057073317,-0.886127141,0.707168119,-0.887925114,-0.020370877,0.459536555,0.331816607,0.000000000,0.000000000,0.000000000,1.000000000
43,1790406432718452000,FL_calf,1790406432322135055,1790406432795974291,0.836395374,396.316945,77.522291,473.839236,1,0.058728590,0.998193840,-0.012638972,0.244690767,-0.883074108,0.057851504,0.465654409,0.894739292,0.465544521,-0.016186346,0.884876334,0.234346886,0.000000000,0.000000000,0.000000000,1.000000000
43,1790406432718452000,FL_calflower,1790406432322135055,1790406432795974291,0.836395374,396.316945,77.522291,473.839236,1,0.059286880,0.998193840,-0.009687970,0.247893055,-0.905243516,0.057851504,0.420937152,0.808408223,0.420737327,-0.016186346,0.907037998,0.112762100,0.000000000,0.000000000,0.000000000,1.000000000
43,1790406432718452000,FL_calflower1,1790406432322135055,1790406432795974291,0.836395374,396.316945,77.522291,473.839236,1,0.057060864,0.998193840,0.018784267,0.247742770,-0.997326414,0.057851504,-0.044653487,0.800640921,-0.045659385,-0.016186346,0.998825835,0.072303186,0.000000000,0.000000000,0.000000000,1.000000000
43,1790406432718452000,FL_foot,1790406432322135055,1790406432795974291,0.836395374,396.316945,77.522291,473.839236,1,0.058728590,0.998193840,-0.012638972,0.247630934,-0.883074108,0.057851504,0.465654409,0.795830716,0.465544521,-0.016186346,0.884876334,0.045983822,0.000000000,0.000000000,0.000000000,1.000000000
43,1790406432718452000,FR_hip,1790406432322135055,1790406432795974291,0.836395374,396.316945,77.522291,473.839236,1,-0.007530494,0.998820954,-0.047955462,0.069947056,-0.169354909,-0.048538045,-0.984359528,0.691792505,-0.985526257,0.000708523,0.169520855,0.335891905,0.000000000,0.000000000,0.000000000,1.000000000
43,1790406432718452000,FR_thigh,1790406432322135055,1790406432795974291,0.836395374,396.316945,77.522291,473.839236,1,-0.026153491,0.998820995,-0.040894363,-0.025439449,-0.550476405,-0.048537137,-0.833439009,0.696427842,-0.834440929,0.000713785,0.551096772,0.335824242,0.000000000,0.000000000,0.000000000,1.000000000
43,1790406432718452000,FR_calf,1790406432322135055,1790406432795974291,0.836395374,396.316945,77.522291,473.839236,1,-0.040828038,0.998821022,0.026255870,-0.016728617,-0.832012745,-0.048536523,0.552629808,0.873947983,0.553252604,0.000717315,0.833013126,0.218441298,0.000000000,0.000000000,0.000000000,1.000000000
43,1790406432718452000,FR_calflower,1790406432322135055,1790406432795974291,0.836395374,396.316945,77.522291,473.839236,1,-0.042089260,0.998821022,0.024182506,-0.021429831,-0.858592924,-0.048536523,0.510355859,0.775520009,0.510927878,0.000717316,0.859623182,0.106221238,0.000000000,0.000000000,0.000000000,1.000000000
43,1790406432718452000,FR_calflower1,1790406432322135055,1790406432795974291,0.836395374,396.316945,77.522291,473.839236,1,-0.048499938,0.998821022,0.002013816,-0.021975866,-0.997239272,-0.048536523,0.056202723,0.763691828,0.056234350,0.000717316,0.998417252,0.066727359,0.000000000,0.000000000,0.000000000,1.000000000
43,1790406432718452000,FR_foot,1790406432322135055,1790406432795974291,0.836395374,396.316945,77.522291,473.839236,1,-0.040828038,0.998821022,0.026255870,-0.022319288,-0.832012745,-0.048536523,0.552629808,0.756239528,0.553252604,0.000717315,0.833013126,0.041010875,0.000000000,0.000000000,0.000000000,1.000000000
43,1790406432718452000,RL_hip,1790406432322135055,1790406432795974291,0.836395374,396.316945,77.522291,473.839236,1,-0.007530494,0.993867212,0.110322208,0.165300840,-0.169354909,0.107464013,-0.979679084,0.767191943,-0.985526257,-0.026061346,0.167507100,0.714687059,0.000000000,0.000000000,0.000000000,1.000000000
43,1790406432718452000,RL_thigh,1790406432322135055,1790406432795974291,0.836395374,396.316945,77.522291,473.839236,1,-0.102969257,0.993869482,0.040255654,0.260209174,0.815068686,0.107503688,-0.569303699,0.777454069,-0.570141123,-0.025809927,-0.821141141,0.712198364,0.000000000,0.000000000,0.000000000,1.000000000
43,1790406432718452000,RL_calf,1790406432322135055,1790406432795974291,0.836395374,396.316945,77.522291,473.839236,1,0.032793983,0.993869745,0.105580386,0.251597797,-0.509409698,0.107507237,-0.853782560,0.898575029,-0.859898979,-0.025785012,0.509812421,0.886927740,0.000000000,0.000000000,0.000000000,1.000000000
43,1790406432718452000,RL_calflower,1790406432322135055,1790406432795974291,0.836395374,396.316945,77.522291,473.839236,1,0.027476179,0.993869745,0.107087454,0.236669604,-0.466101726,0.107507237,-0.878175428,1.014601005,-0.884304331,-0.025785012,0.466198251,0.794397193,0.000000000,0.000000000,0.000000000,1.000000000
43,1790406432718452000,RL_calflower1,1790406432322135055,1790406432795974291,0.836395374,396.316945,77.522291,473.839236,1,-0.025079525,0.993869745,0.107673955,0.232118969,-0.007906739,0.107507237,-0.994173216,1.054337814,-0.999654096,-0.025785013,0.005162158,0.784606288,0.000000000,0.000000000,0.000000000,1.000000000
43,1790406432718452000,RL_foot,1790406432322135055,1790406432795974291,0.836395374,396.316945,77.522291,473.839236,1,0.032793983,0.993869745,0.105580386,0.229163511,-0.509409698,0.107507237,-0.853782560,1.080200485,-0.859898979,-0.025785012,0.509812421,0.778480143,0.000000000,0.000000000,0.000000000,1.000000000
43,1790406432718452000,RR_hip,1790406432322135055,1790406432795974291,0.836395374,396.316945,77.522291,473.839236,1,-0.007530494,0.999940376,0.007891070,0.072859851,-0.169354909,0.006501905,-0.985534041,0.757298984,-0.985526257,-0.008758212,0.169295942,0.717093461,0.000000000,0.000000000,0.000000000,1.000000000
43,1790406432718452000,RR_thigh,1790406432322135055,1790406432795974291,0.836395374,396.316945,77.522291,473.839236,1,-0.010737946,0.999941405,-0.001271385,-0.022630977,0.692879584,0.006523712,-0.721024292,0.756678092,-0.720973629,-0.008623499,-0.692908715,0.717929837,0.000000000,0.000000000,0.000000000,1.000000000
43,1790406432718452000,RR_calf,1790406432322135055,1790406432795974291,0.836395374,396.316945,77.522291,473.839236,1,-0.002439563,0.999942329,0.010446066,-0.022382759,-0.633143199,0.006541044,-0.774007500,0.910171339,-0.774030857,-0.008502358,0.633090647,0.865446471,0.000000000,0.000000000,0.000000000,1.000000000
43,1790406432718452000,RR_calflower,1790406432322135055,1790406432795974291,0.836395374,396.316945,77.522291,473.839236,1,-0.002958600,0.999942329,0.010311084,-0.023948469,-0.593667683,0.006541044,-0.804684164,1.011878161,-0.804704865,-0.008502359,0.593614029,0.756476068,0.000000000,0.000000000,0.000000000,1.000000000
43,1790406432718452000,RR_calflower1,1790406432322135055,1790406432795974291,0.836395374,396.316945,77.522291,473.839236,1,-0.007385707,0.999942329,0.007779660,-0.024327311,-0.154993832,0.006541044,-0.987894141,1.049931905,-0.987887727,-0.008502358,0.154936681,0.740810125,0.000000000,0.000000000,0.000000000,1.000000000
43,1790406432718452000,RR_foot,1790406432322135055,1790406432795974291,0.836395374,396.316945,77.522291,473.839236,1,-0.002439563,0.999942329,0.010446066,-0.024572111,-0.633143199,0.006541044,-0.774007500,1.074735374,-0.774030857,-0.008502358,0.633090647,0.730857465,0.000000000,0.000000000,0.000000000,1.000000000
44,1790406432786452000,FL_hip,1790406432322135055,1790406432795974291,0.979903963,464.316945,9.522291,473.839236,1,0.027587177,0.995757352,0.087783843,0.153437091,-0.169020335,0.091199293,-0.981384486,0.705607367,-0.985226305,0.012236098,0.170819259,0.344853743,0.000000000,0.000000000,0.000000000,1.000000000
44,1790406432786452000,FL_thigh,1790406432322135055,1790406432795974291,0.979903963,464.316945,9.522291,473.839236,1,0.054963008,0.995770088,0.073625808,0.248500478,-0.487555525,0.091113933,-0.868325144,0.714312169,-0.871360196,0.011828817,0.490501073,0.346022222,0.000000000,0.000000000,0.000000000,1.000000000
44,1790406432786452000,FL_calf,1790406432322135055,1790406432795974291,0.979903963,464.316945,9.522291,473.839236,1,0.075682745,0.995752224,-0.052434622,0.232823046,-0.887893849,0.091229084,0.450912922,0.899097275,0.453781091,0.012429776,0.891026395,0.241606610,0.000000000,0.000000000,0.000000000,1.000000000
44,1790406432786452000,FL_calflower,1790406432322135055,1790406432795974291,0.979903963,464.316945,9.522291,473.839236,1,0.078208800,0.995752224,-0.048586532,0.242117540,-0.909320466,0.091229084,0.405973201,0.814640914,0.408681223,0.012429776,0.912592446,0.118820567,0.000000000,0.000000000,0.000000000,1.000000000
44,1790406432786452000,FL_calflower1,1790406432322135055,1790406432795974291,0.979903963,464.316945,9.522291,473.839236,1,0.091807057,0.995752224,-0.006980811,0.243286581,-0.994032606,0.091229084,-0.059809086,0.807498120,-0.058918016,0.012429775,0.998185344,0.078234587,0.000000000,0.000000000,0.000000000,1.000000000
44,1790406432786452000,FL_foot,1790406432322135055,1790406432795974291,0.979903963,464.316945,9.522291,473.839236,1,0.075682745,0.995752224,-0.052434622,0.244024801,-0.887893849,0.091229084,0.450912922,0.803094178,0.453781091,0.012429776,0.891026395,0.051835720,0.000000000,0.000000000,0.000000000,1.000000000
44,1790406432786452000,FR_hip,1790406432322135055,1790406432795974291,0.979903963,464.316945,9.522291,473.839236,1,0.027587177,0.999585442,0.008225002,0.061719305,-0.169020335,0.012773948,-0.985530135,0.690217750,-0.985226305,0.025797535,0.169302772,0.344925756,0.000000000,0.000000000,0.000000000,1.000000000
44,1790406432786452000,FR_thigh,1790406432322135055,1790406432795974291,0.979903963,464.316945,9.522291,473.839236,1,0.028564961,0.999585421,-0.003576087,-0.033740975,-0.551437564,0.012774079,-0.834118775,0.688997839,-0.833726934,0.025798292,0.551573804,0.342462095,0.000000000,0.000000000,0.000000000,1.000000000
44,1790406432786452000,FR_calf,1790406432322135055,1790406432795974291,0.979903963,464.316945,9.522291,473.839236,1,-0.003668463,0.999585407,-0.028553743,-0.032979203,-0.832334770,0.012774168,0.554126652,0.866664800,0.554261628,0.025798799,0.831942476,0.224976973,0.000000000,0.000000000,0.000000000,1.000000000
44,1790406432786452000,FR_calflower,1790406432322135055,1790406432795974291,0.979903963,464.316945,9.522291,473.839236,1,-0.002236786,0.999585407,-0.028701405,-0.028826460,-0.858989358,0.012774168,0.511834738,0.768007586,0.511989151,0.025798799,0.858604300,0.112934842,0.000000000,0.000000000,0.000000000,1.000000000
44,1790406432786452000,FR_calflower1,1790406432322135055,1790406432795974291,0.979903963,464.316945,9.522291,473.839236,1,0.011269693,0.999585407,-0.026490902,-0.027655985,-0.998273822,0.012774167,0.057331417,0.756124111,0.057646192,0.025798799,0.998003583,0.073470826,0.000000000,0.000000000,0.000000000,1.000000000
44,1790406432786452000,FR_foot,1790406432322135055,1790406432795974291,0.979903963,464.316945,9.522291,473.839236,1,-0.003668463,0.999585407,-0.028553743,-0.026897014,-0.832334770,0.012774168,0.554126652,0.748636083,0.554261628,0.025798799,0.831942476,0.047773429,0.000000000,0.000000000,0.000000000,1.000000000
44,1790406432786452000,RL_hip,1790406432322135055,1790406432795974291,0.979903963,464.316945,9.522291,473.839236,1,0.027587177,0.986737435,0.159962310,0.142766371,-0.169020335,0.162323531,-0.972154253,0.770984432,-0.985226305,-0.000218172,0.171256807,0.725939278,0.000000000,0.000000000,0.000000000,1.000000000
44,1790406432786452000,RL_thigh,1790406432322135055,1790406432795974291,0.979903963,464.316945,9.522291,473.839236,1,-0.134707083,0.986736539,0.090580149,0.236998941,0.818207809,0.162329023,-0.551530566,0.786486181,-0.558919072,-0.000181969,-0.829222076,0.725918444,0.000000000,0.000000000,0.000000000,1.000000000
44,1790406432786452000,RL_calf,1790406432322135055,1790406432795974291,0.979903963,464.316945,9.522291,473.839236,1,0.080449457,0.986736463,0.140992186,0.217701860,-0.489972702,0.162329490,-0.856490854,0.903941823,-0.868017606,-0.000178378,0.496533199,0.902517531,0.000000000,0.000000000,0.000000000,1.000000000
44,1790406432786452000,RL_calflower,1790406432322135055,1790406432795974291,0.979903963,464.316945,9.522291,473.839236,1,0.073302244,0.986736463,0.144836780,0.198450810,-0.446553662,0.162329490,-0.879908892,1.020882324,-0.891749127,-0.000178378,0.452529862,0.811687517,0.000000000,0.000000000,0.000000000,1.000000000
44,1790406432786452000,RL_calflower1,1790406432322135055,1790406432795974291,0.979903963,464.316945,9.522291,473.839236,1,-0.001863890,0.986736463,0.162318938,0.191925792,0.010232771,0.162329490,-0.986683902,1.060536907,-0.999945815,-0.000178379,-0.010399486,0.802505813,0.000000000,0.000000000,0.000000000,1.000000000
44,1790406432786452000,RL_foot,1790406432322135055,1790406432795974291,0.979903963,464.316945,9.522291,473.839236,1,0.080449457,0.986736463,0.140992186,0.187679754,-0.489972702,0.162329490,-0.856490854,1.086341615,-0.868017606,-0.000178378,0.496533199,0.796776467,0.000000000,0.000000000,0.000000000,1.000000000
44,1790406432786452000,RR_hip,1790406432322135055,1790406432795974291,0.979903963,464.316945,9.522291,473.839236,1,0.027587177,0.997873911,0.059045444,0.051048585,-0.169020335,0.062873761,-0.983605465,0.755594815,-0.985226305,0.017154745,0.170395587,0.726011291,0.000000000,0.000000000,0.000000000,1.000000000
44,1790406432786452000,RR_thigh,1790406432322135055,1790406432795974291,0.979903963,464.316945,9.522291,473.839236,1,-0.031860626,0.997873385,0.056862701,-0.044247875,0.700399080,0.062876813,-0.710977025,0.749590407,-0.713040277,0.017174138,-0.700912567,0.724373020,0.000000000,0.000000000,0.000000000,1.000000000
44,1790406432786452000,RR_calf,1790406432322135055,1790406432795974291,0.979903963,464.316945,9.522291,473.839236,1,0.052236980,0.997872941,0.038995524,-0.056361892,-0.613558890,0.062879094,-0.787141921,0.901016170,-0.787919285,0.017191594,0.615538352,0.873656786,0.000000000,0.000000000,0.000000000,1.000000000
44,1790406432786452000,RR_calflower,1790406432322135055,1790406432795974291,0.979903963,464.316945,9.522291,473.839236,1,0.050222733,0.997872941,0.041557551,-0.061083509,-0.573451401,0.062879094,-0.816823362,1.005215645,-0.817698687,0.017191594,0.575389538,0.766828517,0.000000000,0.000000000,0.000000000,1.000000000
44,1790406432786452000,RR_calflower1,1790406432322135055,1790406432795974291,0.979903963,464.316945,9.522291,473.839236,1,0.025356898,0.997872941,0.060053149,-0.063246982,-0.131456463,0.062879094,-0.989326090,1.043612992,-0.990997490,0.017191594,0.132771374,0.751994409,0.000000000,0.000000000,0.000000000,1.000000000
44,1790406432786452000,RR_foot,1790406432322135055,1790406432795974291,0.979903963,464.316945,9.522291,473.839236,1,0.052236980,0.997872941,0.038995524,-0.064661221,-0.613558890,0.062879094,-0.787141921,1.068634359,-0.787919285,0.017191594,0.615538352,0.742584252,0.000000000,0.000000000,0.000000000,1.000000000
45,1790406432854456000,FL_hip,1790406432795974291,1790406432955670066,0.366206990,58.481709,101.214066,159.695775,1,0.041005729,0.968753293,0.244612700,0.139661159,-0.182215796,0.247963565,-0.951478921,0.692229546,-0.982403039,-0.005556492,0.186690153,0.353322412,0.000000000,0.000000000,0.000000000,1.000000000
45,1790406432854456000,FL_thigh,1790406432795974291,1790406432955670066,0.366206990,58.481709,101.214066,159.695775,1,0.096753484,0.969015988,0.227258800,0.231545462,-0.423597736,0.246708953,-0.871607890,0.715733959,-0.900668416,-0.011935492,0.434342914,0.352798067,0.000000000,0.000000000,0.000000000,1.000000000
45,1790406432854456000,FL_calf,1790406432795974291,1790406432955670066,0.366206990,58.481709,101.214066,159.695775,1,0.206136661,0.968418807,-0.140258605,0.183537094,-0.805873905,0.249317747,0.537036845,0.898825911,0.555045479,0.002327484,0.831816638,0.261105080,0.000000000,0.000000000,0.000000000,1.000000000
45,1790406432854456000,FL_calflower,1790406432795974291,1790406432955670066,0.366206990,58.481709,101.214066,159.695775,1,0.212889053,0.968418807,-0.129780779,0.208979909,-0.831707428,0.249317747,0.496088781,0.804921381,0.512778311,0.002327484,0.858517795,0.150000956,0.000000000,0.000000000,0.000000000,1.000000000
45,1790406432854456000,FL_calflower1,1790406432795974291,1790406432955670066,0.366206990,58.481709,101.214066,159.695775,1,0.248761570,0.968418807,-0.016807161,0.212312175,-0.966803734,0.249317747,0.055963060,0.793634997,0.058386120,0.002327483,0.998291271,0.110883411,0.000000000,0.000000000,0.000000000,1.000000000
45,1790406432854456000,FL_foot,1790406432795974291,1790406432955670066,0.366206990,58.481709,101.214066,159.695775,1,0.206136661,0.968418807,-0.140258605,0.214420463,-0.805873905,0.249317747,0.537036845,0.786523995,0.555045479,0.002327484,0.831816638,0.085411796,0.000000000,0.000000000,0.000000000,1.000000000
45,1790406432854456000,FR_hip,1790406432795974291,1790406432955670066,0.366206990,58.481709,101.214066,159.695775,1,0.041005729,0.997738716,0.053251938,0.049357093,-0.182215796,0.059870363,-0.981434464,0.670002346,-0.982403039,0.030540830,0.184258909,0.353675819,0.000000000,0.000000000,0.000000000,1.000000000
45,1790406432854456000,FR_thigh,1790406432795974291,1790406432955670066,0.366206990,58.481709,101.214066,159.695775,1,0.058837662,0.997723437,0.032952345,-0.045857090,-0.549778787,0.059938443,-0.833157447,0.664288430,-0.833235466,0.030904275,0.552053805,0.350761399,0.000000000,0.000000000,0.000000000,1.000000000
45,1790406432854456000,FR_calf,1790406432795974291,1790406432955670066,0.366206990,58.481709,101.214066,159.695775,1,0.033177488,0.997714461,-0.058863349,-0.052838030,-0.836021188,0.059978611,0.545409756,0.841577886,0.547693731,0.031115419,0.836100010,0.233223505,0.000000000,0.000000000,0.000000000,1.000000000
45,1790406432854456000,FR_calflower,1790406432795974291,1790406432955670066,0.366206990,58.481709,101.214066,159.695775,1,0.036077966,0.997714461,-0.057131602,-0.043393708,-0.862235506,0.059978611,0.502944492,0.744239416,0.505221672,0.031115420,0.862428380,0.120479735,0.000000000,0.000000000,0.000000000,1.000000000
45,1790406432854456000,FR_calflower1,1790406432795974291,1790406432955670066,0.366206990,58.481709,101.214066,159.695775,1,0.058383156,0.997714461,-0.034015387,-0.041446267,-0.997047809,0.059978611,0.047946809,0.732753219,0.049877592,0.031115420,0.998270442,0.080949124,0.000000000,0.000000000,0.000000000,1.000000000
45,1790406432854456000,FR_foot,1790406432795974291,1790406432955670066,0.366206990,58.481709,101.214066,159.695775,1,0.033177488,0.997714461,-0.058863349,-0.040193250,-0.836021188,0.059978611,0.545409756,0.725523148,0.547693731,0.031115419,0.836100010,0.055210336,0.000000000,0.000000000,0.000000000,1.000000000
45,1790406432854456000,RL_hip,1790406432795974291,1790406432955670066,0.366206990,58.481709,101.214066,159.695775,1,0.041005729,0.971240600,0.234542131,0.123800143,-0.182215796,0.238072153,-0.954001948,0.762710616,-0.982403039,-0.003618016,0.186737778,0.733315907,0.000000000,0.000000000,0.000000000,1.000000000
45,1790406432854456000,RL_thigh,1790406432795974291,1790406432955670066,0.366206990,58.481709,101.214066,159.695775,1,-0.191458626,0.971236165,0.141575741,0.216552954,0.772078565,0.238091886,-0.589243249,0.785446343,-0.606002308,-0.003508388,-0.795455035,0.732970389,0.000000000,0.000000000,0.000000000,1.000000000
45,1790406432854456000,RL_calf,1790406432795974291,1790406432955670066,0.366206990,58.481709,101.214066,159.695775,1,0.131101795,0.971234282,0.198786505,0.186429970,-0.546791508,0.238100285,-0.802700420,0.910729726,-0.826940951,-0.003459587,0.562277969,0.902112454,0.000000000,0.000000000,0.000000000,1.000000000
45,1790406432854456000,RL_calflower,1790406432795974291,1790406432955670066,0.366206990,58.481709,101.214066,159.695775,1,0.121002768,0.971234282,0.205090432,0.159739778,-0.505989861,0.238100285,-0.829025439,1.018213212,-0.854009676,-0.003459587,0.520245446,0.802721842,0.000000000,0.000000000,0.000000000,1.000000000
45,1790406432854456000,RL_calflower1,1790406432795974291,1790406432955670066,0.366206990,58.481709,101.214066,159.695775,1,0.012622350,0.971234282,0.237790730,0.150360904,-0.065983754,0.238100285,-0.968996936,1.056297236,-0.997740759,-0.003459587,0.067091186,0.790498545,0.000000000,0.000000000,0.000000000,1.000000000
45,1790406432854456000,RL_foot,1790406432795974291,1790406432955670066,0.366206990,58.481709,101.214066,159.695775,1,0.131101795,0.971234282,0.198786505,0.144253995,-0.546791508,0.238100285,-0.802700420,1.081098507,-0.826940951,-0.003459587,0.562277969,0.782788347,0.000000000,0.000000000,0.000000000,1.000000000
45,1790406432854456000,RR_hip,1790406432795974291,1790406432955670066,0.366206990,58.481709,101.214066,159.695775,1,0.041005729,0.988012139,0.148829866,0.033496077,-0.182215796,0.153851814,-0.971147613,0.740483416,-0.982403039,0.012703191,0.186340325,0.733669314,0.000000000,0.000000000,0.000000000,1.000000000
45,1790406432854456000,RR_thigh,1790406432795974291,1790406432955670066,0.366206990,58.481709,101.214066,159.695775,1,-0.090420840,0.987981673,0.125363753,-0.060835754,0.646305042,0.153984442,-0.747381594,0.725794298,-0.757703255,0.013444081,-0.652460614,0.732456441,0.000000000,0.000000000,0.000000000,1.000000000
45,1790406432854456000,RR_calf,1790406432795974291,1790406432955670066,0.366206990,58.481709,101.214066,159.695775,1,0.116378813,0.987961519,0.101920526,-0.087592146,-0.680810681,0.154069010,-0.716072775,0.884566171,-0.723154805,0.013946844,0.690545026,0.871121524,0.000000000,0.000000000,0.000000000,1.000000000
45,1790406432854456000,RR_calflower,1790406432795974291,1790406432955670066,0.366206990,58.481709,101.214066,159.695775,1,0.111139467,0.987961519,0.107609669,-0.100136693,-0.644171122,0.154069010,-0.749204223,0.976344737,-0.756763917,0.013946844,0.653539348,0.755226534,0.000000000,0.000000000,0.000000000,1.000000000
45,1790406432854456000,RR_calflower1,1790406432795974291,1790406432955670066,0.366206990,58.481709,101.214066,159.695775,1,0.048888239,0.987961519,0.146771121,-0.105499855,-0.225409607,0.154069010,-0.962005152,1.012516336,-0.973036613,0.013946844,0.230228266,0.736778857,0.000000000,0.000000000,0.000000000,1.000000000
45,1790406432854456000,RR_foot,1790406432795974291,1790406432955670066,0.366206990,58.481709,101.214066,159.695775,1,0.116378813,0.987961519,0.101920526,-0.109002461,-0.680810681,0.154069010,-0.716072775,1.036111884,-0.723154805,0.013946844,0.690545026,0.725011096,0.000000000,0.000000000,0.000000000,1.000000000
46,1790406432918449000,FL_hip,1790406432795974291,1790406432955670066,0.766925168,122.474709,37.221066,159.695775,1,0.056770937,0.920784244,0.385918707,0.132302237,-0.194571444,0.389334339,-0.900311812,0.694689893,-0.979244000,-0.023977504,0.201261250,0.338542024,0.000000000,0.000000000,0.000000000,1.000000000
46,1790406432918449000,FL_thigh,1790406432795974291,1790406432955670066,0.766925168,122.474709,37.221066,159.695775,1,0.116437740,0.921017274,0.371711239,0.219764148,-0.345362211,0.388447706,-0.854303199,0.731694579,-0.931218040,-0.028902168,0.363314532,0.336259870,0.000000000,0.000000000,0.000000000,1.000000000
46,1790406432918449000,FL_calf,1790406432795974291,1790406432955670066,0.766925168,122.474709,37.221066,159.695775,1,0.305447407,0.920356797,-0.244223377,0.141069429,-0.689371394,0.390666162,0.610039067,0.911715368,0.656863295,-0.017974532,0.753795298,0.259478557,0.000000000,0.000000000,0.000000000,1.000000000
46,1790406432918449000,FL_calflower,1790406432795974291,1790406432955670066,0.766925168,122.474709,37.221066,159.695775,1,0.317271759,0.920356797,-0.228652154,0.183633282,-0.718999105,0.390666162,0.574822467,0.809013945,0.618368324,-0.017974532,0.785682732,0.161683264,0.000000000,0.000000000,0.000000000,1.000000000
46,1790406432918449000,FL_calflower1,1790406432795974291,1790406432955670066,0.766925168,122.474709,37.221066,159.695775,1,0.387005242,0.920356797,-0.056303808,0.189794246,-0.903189601,0.390666161,0.177845796,0.793427050,0.185677640,-0.017974533,0.982446209,0.124334080,0.000000000,0.000000000,0.000000000,1.000000000
46,1790406432918449000,FL_foot,1790406432795974291,1790406432955670066,0.766925168,122.474709,37.221066,159.695775,1,0.305447407,0.920356797,-0.244223377,0.193709462,-0.689371394,0.390666162,0.610039067,0.783502583,0.656863295,-0.017974532,0.753795298,0.099982032,0.000000000,0.000000000,0.000000000,1.000000000
46,1790406432918449000,FR_hip,1790406432795974291,1790406432955670066,0.766925168,122.474709,37.221066,159.695775,1,0.056770937,0.995692677,0.073300511,0.043327620,-0.194571444,0.083044952,-0.977366933,0.667625761,-0.979244000,0.041223594,0.198448045,0.338761336,0.000000000,0.000000000,0.000000000,1.000000000
46,1790406432918449000,FR_thigh,1790406432795974291,1790406432955670066,0.766925168,122.474709,37.221066,159.695775,1,0.080343902,0.995676531,0.046614528,-0.051707416,-0.546245307,0.083099408,-0.833493362,0.659700190,-0.833763055,0.041502886,0.550560171,0.334826554,0.000000000,0.000000000,0.000000000,1.000000000
46,1790406432918449000,FR_calf,1790406432795974291,1790406432955670066,0.766925168,122.474709,37.221066,159.695775,1,0.047718894,0.995667177,-0.079809711,-0.061601602,-0.841366272,0.083130144,0.534034463,0.837102745,0.538355193,0.041665409,0.841687295,0.217596892,0.000000000,0.000000000,0.000000000,1.000000000
46,1790406432918449000,FR_calflower,1790406432795974291,1790406432955670066,0.766925168,122.474709,37.221066,159.695775,1,0.051648081,0.995667177,-0.077325019,-0.048786016,-0.867005382,0.083130144,0.491316272,0.741319802,0.495615558,0.041665409,0.867541950,0.103828907,0.000000000,0.000000000,0.000000000,1.000000000
46,1790406432918449000,FR_calflower1,1790406432795974291,1790406432955670066,0.766925168,122.474709,37.221066,159.695775,1,0.081518669,0.995667177,-0.044736891,-0.046192249,-0.995908995,0.083130144,0.035430008,0.730345169,0.038995676,0.041665409,0.998370249,0.064185582,0.000000000,0.000000000,0.000000000,1.000000000
46,1790406432918449000,FR_foot,1790406432795974291,1790406432955670066,0.766925168,122.474709,37.221066,159.695775,1,0.047718894,0.995667177,-0.079809711,-0.044524287,-0.841366272,0.083130144,0.534034463,0.723447811,0.538355193,0.041665409,0.841687295,0.038376111,0.000000000,0.000000000,0.000000000,1.000000000
46,1790406432918449000,RL_hip,1790406432795974291,1790406432955670066,0.766925168,122.474709,37.221066,159.695775,1,0.056770937,0.956091923,0.287515403,0.110343238,-0.194571444,0.293053134,-0.936088909,0.769950127,-0.979244000,-0.002799924,0.202665172,0.717313604,0.000000000,0.000000000,0.000000000,1.000000000
46,1790406432918449000,RL_thigh,1790406432795974291,1790406432955670066,0.766925168,122.474709,37.221066,159.695775,1,-0.222779925,0.956086778,0.190438940,0.201649511,0.720693325,0.293070709,-0.628260554,0.797936548,-0.656483593,-0.002716047,-0.754335296,0.717046212,0.000000000,0.000000000,0.000000000,1.000000000
46,1790406432918449000,RL_calf,1790406432795974291,1790406432955670066,0.766925168,122.474709,37.221066,159.695775,1,0.183204878,0.956084317,0.228776228,0.161123031,-0.604735877,0.293079078,-0.740540212,0.931577303,-0.775068072,-0.002678895,0.631871926,0.877502180,0.000000000,0.000000000,0.000000000,1.000000000
46,1790406432918449000,RL_calflower,1790406432795974291,1790406432955670066,0.766925168,122.474709,37.221066,159.695775,1,0.171541874,0.956084317,0.237646745,0.131023885,-0.566968530,0.293079078,-0.769838926,1.028805490,-0.805679873,-0.002678895,0.592344992,0.768777024,0.000000000,0.000000000,0.000000000,1.000000000
46,1790406432918449000,RL_calflower1,1790406432795974291,1790406432955670066,0.766925168,122.474709,37.221066,159.695775,1,0.042416454,0.956084317,0.290005921,0.119834654,-0.147402623,0.293079078,-0.944657479,1.065166374,-0.988166538,-0.002678895,0.153360813,0.753180073,0.000000000,0.000000000,0.000000000,1.000000000
46,1790406432918449000,RL_foot,1790406432795974291,1790406432955670066,0.766925168,122.474709,37.221066,159.695775,1,0.183204878,0.956084317,0.228776228,0.112542247,-0.604735877,0.293079078,-0.740540212,1.088866258,-0.775068072,-0.002678895,0.631871926,0.743272148,0.000000000,0.000000000,0.000000000,1.000000000
46,1790406432918449000,RR_hip,1790406432795974291,1790406432955670066,0.766925168,122.474709,37.221066,159.695775,1,0.056770937,0.974317900,0.217902503,0.021368621,-0.194571444,0.224866643,-0.954765719,0.742885995,-0.979244000,0.011805065,0.202340436,0.717532916,0.000000000,0.000000000,0.000000000,1.000000000
46,1790406432918449000,RR_thigh,1790406432795974291,1790406432955670066,0.766925168,122.474709,37.221066,159.695775,1,-0.124379766,0.974283224,0.187887424,-0.071660977,0.582775019,0.224986397,-0.780868126,0.721415180,-0.803058685,0.012371628,-0.595771360,0.716405777,0.000000000,0.000000000,0.000000000,1.000000000
46,1790406432918449000,RR_calf,1790406432795974291,1790406432955670066,0.766925168,122.474709,37.221066,159.695775,1,0.180468695,0.974257768,0.135102411,-0.111700992,-0.744769693,0.225075287,-0.628219589,0.887406571,-0.642455701,0.012753513,0.766216577,0.843078029,0.000000000,0.000000000,0.000000000,1.000000000
46,1790406432918449000,RR_calflower,1790406432795974291,1790406432955670066,0.766925168,122.474709,37.221066,159.695775,1,0.173490850,0.974257768,0.143953244,-0.127904036,-0.712441031,0.225075288,-0.664657449,0.965076330,-0.679947667,0.012753513,0.733149603,0.717442713,0.000000000,0.000000000,0.000000000,1.000000000
46,1790406432918449000,RR_calflower1,1790406432795974291,1790406432955670066,0.766925168,122.474709,37.221066,159.695775,1,0.087410893,0.974257768,0.207800258,-0.135346891,-0.325006609,0.225075287,-0.918538214,0.998610977,-0.941663348,0.012753513,0.336314303,0.695022274,0.000000000,0.000000000,0.000000000,1.000000000
46,1790406432918449000,RR_foot,1790406432795974291,1790406432955670066,0.766925168,122.474709,37.221066,159.695775,1,0.180468695,0.974257768,0.135102411,-0.140212361,-0.744769693,0.225075287,-0.628219589,1.020514950,-0.642455701,0.012753513,0.766216577,0.680661680,0.000000000,0.000000000,0.000000000,1.000000000
47,1790406432986451000,FL_hip,1790406432955670066,1790406433063559632,0.285300378,30.780934,77.108632,107.889566,1,0.087551584,0.885068994,0.457151437,0.137117128,-0.188465367,0.465342533,-0.864833941,0.700023690,-0.978169373,-0.010439932,0.207546369,0.322361037,0.000000000,0.000000000,0.000000000,1.000000000
47,1790406432986451000,FL_thigh,1790406432955670066,1790406433063559632,0.285300378,30.780934,77.108632,107.889566,1,0.166537963,0.885126055,0.434530567,0.221632387,-0.339025842,0.465217772,-0.817700750,0.744459310,-0.925919239,-0.011139174,0.377557005,0.321364118,0.000000000,0.000000000,0.000000000,1.000000000
47,1790406432986451000,FL_calf,1790406432955670066,1790406433063559632,0.285300378,30.780934,77.108632,107.889566,1,0.352603857,0.885005420,-0.304032510,0.129497012,-0.656381083,0.465477667,0.593712919,0.917758450,0.666959360,-0.009784578,0.745029720,0.241369345,0.000000000,0.000000000,0.000000000,1.000000000
47,1790406432986451000,FL_calflower,1790406432955670066,1790406433063559632,0.285300378,30.780934,77.108632,107.889566,1,0.367358486,0.885005420,-0.286029701,0.181397231,-0.685234056,0.465477667,0.560165551,0.817233280,0.628889867,-0.009784578,0.777432702,0.144874679,0.000000000,0.000000000,0.000000000,1.000000000
47,1790406432986451000,FL_calflower1,1790406432955670066,1790406433063559632,0.285300378,30.780934,77.108632,107.889566,1,0.457927672,0.885005420,-0.084068393,0.189157454,-0.866471915,0.465477667,0.180437183,0.801755313,0.198819887,-0.009784578,0.979987104,0.107651811,0.000000000,0.000000000,0.000000000,1.000000000
47,1790406432986451000,FL_foot,1790406432955670066,1790406433063559632,0.285300378,30.780934,77.108632,107.889566,1,0.352603857,0.885005420,-0.304032510,0.194095572,-0.656381083,0.465477667,0.593712919,0.791894586,0.666959360,-0.009784578,0.745029720,0.083378387,0.000000000,0.000000000,0.000000000,1.000000000
47,1790406432986451000,FR_hip,1790406432955670066,1790406433063559632,0.285300378,30.780934,77.108632,107.889566,1,0.087551584,0.994351335,0.059999860,0.049242181,-0.188465367,0.075677109,-0.979160045,0.669643702,-0.978169373,0.074418859,0.194026598,0.320349126,0.000000000,0.000000000,0.000000000,1.000000000
47,1790406432986451000,FR_thigh,1790406432955670066,1790406433063559632,0.285300378,30.780934,77.108632,107.889566,1,0.103688527,0.994215248,0.028010196,-0.045631765,-0.494686352,0.075982225,-0.865744032,0.662421971,-0.862863821,0.075911203,0.499703238,0.313248830,0.000000000,0.000000000,0.000000000,1.000000000
47,1790406432986451000,FR_calf,1790406432955670066,1790406433063559632,0.285300378,30.780934,77.108632,107.889566,1,0.026648765,0.994326970,-0.102973590,-0.051485850,-0.857172574,0.075729959,0.509431806,0.846171560,0.514340003,0.074690150,0.854327544,0.207118309,0.000000000,0.000000000,0.000000000,1.000000000
47,1790406432986451000,FR_calflower,1790406432955670066,1790406433063559632,0.285300378,30.780934,77.108632,107.889566,1,0.031761996,0.994326970,-0.101513017,-0.035680275,-0.881562310,0.075729959,0.465954376,0.753703164,0.470998631,0.074690150,0.878966143,0.090965188,0.000000000,0.000000000,0.000000000,1.000000000
47,1790406432986451000,FR_calflower1,1790406432955670066,1790406433063559632,0.285300378,30.780934,77.108632,107.889566,1,0.075049326,0.994326970,-0.075374502,-0.031926405,-0.997109321,0.075729959,0.006212049,0.743883793,0.011885133,0.074690150,0.997135866,0.051100473,0.000000000,0.000000000,0.000000000,1.000000000
47,1790406432986451000,FR_foot,1790406432955670066,1790406433063559632,0.285300378,30.780934,77.108632,107.889566,1,0.026648765,0.994326970,-0.102973590,-0.029501861,-0.857172574,0.075729959,0.509431806,0.737738563,0.514340003,0.074690150,0.854327544,0.025153607,0.000000000,0.000000000,0.000000000,1.000000000
47,1790406432986451000,RL_hip,1790406432955670066,1790406433063559632,0.285300378,30.780934,77.108632,107.889566,1,0.087551584,0.939573899,0.330961401,0.103252175,-0.188465367,0.341860055,-0.920659070,0.772922094,-0.978169373,0.018230106,0.207007610,0.700716950,0.000000000,0.000000000,0.000000000,1.000000000
47,1790406432986451000,RL_thigh,1790406432955670066,1790406433063559632,0.285300378,30.780934,77.108632,107.889566,1,-0.229394386,0.939526014,0.254300855,0.192964132,0.669081575,0.341961687,-0.659842909,0.805563296,-0.706900610,0.018783465,-0.707063306,0.702457612,0.000000000,0.000000000,0.000000000,1.000000000
47,1790406432986451000,RL_calf,1790406432955670066,1790406433063559632,0.285300378,30.780934,77.108632,107.889566,1,0.245440249,0.939548603,0.238762116,0.138804804,-0.634765112,0.341914117,-0.692941991,0.945819157,-0.732688483,0.018517702,0.680312054,0.852822152,0.000000000,0.000000000,0.000000000,1.000000000
47,1790406432986451000,RL_calflower,1790406432955670066,1790406433063559632,0.285300378,30.780934,77.108632,107.889566,1,0.233200381,0.939548603,0.250730625,0.108424135,-0.599339156,0.341914117,-0.723801027,1.035628989,-0.765774244,0.018517702,0.642842680,0.737538919,0.000000000,0.000000000,0.000000000,1.000000000
47,1790406432986451000,RL_calflower1,1790406432955670066,1790406433063559632,0.285300378,30.780934,77.108632,107.889566,1,0.091065372,0.939548603,0.330083871,0.096073991,-0.197374547,0.341914117,-0.918770177,1.070552960,-0.976089230,0.018517702,0.216579594,0.719492762,0.000000000,0.000000000,0.000000000,1.000000000
47,1790406432986451000,RL_foot,1790406432955670066,1790406433063559632,0.285300378,30.780934,77.108632,107.889566,1,0.245440249,0.939548603,0.238762116,0.088014036,-0.634765112,0.341914117,-0.692941991,1.093330043,-0.732688483,0.018517702,0.680312054,0.707988488,0.000000000,0.000000000,0.000000000,1.000000000
47,1790406432986451000,RR_hip,1790406432955670066,1790406433063559632,0.285300378,30.780934,77.108632,107.889566,1,0.087551584,0.962296143,0.257528044,0.015377228,-0.188465367,0.269852722,-0.944277993,0.742542106,-0.978169373,0.034137632,0.204985632,0.698705039,0.000000000,0.000000000,0.000000000,1.000000000
47,1790406432986451000,RR_thigh,1790406432955670066,1790406433063559632,0.285300378,30.780934,77.108632,107.889566,1,-0.129357778,0.962293672,0.239284966,-0.076521766,0.564492854,0.269858079,-0.780080155,0.716771252,-0.815239022,0.034164933,-0.578115822,0.695444905,0.000000000,0.000000000,0.000000000,1.000000000
47,1790406432986451000,RR_calf,1790406432955670066,1790406433063559632,0.285300378,30.780934,77.108632,107.889566,1,0.228968725,0.962286807,0.146892017,-0.127480964,-0.735540860,0.269873327,-0.621408597,0.882885512,-0.637615201,0.034237769,0.769593685,0.818552523,0.000000000,0.000000000,0.000000000,1.000000000
47,1790406432986451000,RR_calflower,1790406432955670066,1790406433063559632,0.285300378,30.780934,77.108632,107.889566,1,0.221341032,0.962286807,0.158152107,-0.144570690,-0.703564140,0.269873327,-0.657393720,0.959875518,-0.675282001,0.034237769,0.736764416,0.692319340,0.000000000,0.000000000,0.000000000,1.000000000
47,1790406432986451000,RR_calflower1,1790406432955670066,1790406433063559632,0.285300378,30.780934,77.108632,107.889566,1,0.123297023,0.962286807,0.242490795,-0.153079581,-0.320487090,0.269873327,-0.907996160,0.993093291,-0.939194171,0.034237769,0.341675131,0.669674967,0.000000000,0.000000000,0.000000000,1.000000000
47,1790406432986451000,RR_foot,1790406432955670066,1790406433063559632,0.285300378,30.780934,77.108632,107.889566,1,0.228968725,0.962286807,0.146892017,-0.158647451,-0.735540860,0.269873327,-0.621408597,1.014790083,-0.637615201,0.034237769,0.769593685,0.655168411,0.000000000,0.000000000,0.000000000,1.000000000
48,1790406433518450000,FL_hip,1790406433362295641,1790406433656984219,0.529896205,156.154359,138.534219,294.688578,1,0.161133396,0.588615032,0.792192297,0.007691791,-0.131291950,0.808331044,-0.573902021,0.672802583,-0.978160646,-0.011533983,0.207529603,0.316520887,0.000000000,0.000000000,0.000000000,1.000000000
48,1790406433518450000,FL_thigh,1790406433362295641,1790406433656984219,0.529896205,156.154359,138.534219,294.688578,1,0.281150212,0.588163942,0.758299413,0.063603900,-0.214686889,0.808693437,-0.547653767,0.749588832,-0.935341614,-0.008824263,0.353635427,0.315424816,0.000000000,0.000000000,0.000000000,1.000000000
48,1790406433518450000,FL_calf,1790406433362295641,1790406433656984219,0.529896205,156.154359,138.534219,294.688578,1,0.714240540,0.589944811,-0.376597709,-0.096747127,-0.510208121,0.807198730,0.296846874,0.865494867,0.479112426,-0.019877152,0.877528347,0.240440560,0.000000000,0.000000000,0.000000000,1.000000000
48,1790406433518450000,FL_calflower,1790406433362295641,1790406433656984219,0.529896205,156.154359,138.534219,294.688578,1,0.732169966,0.589944811,-0.340429911,-0.028619855,-0.524406655,0.807198730,0.270976115,0.811363460,0.434655522,-0.019877152,0.900377306,0.121708581,0.000000000,0.000000000,0.000000000,1.000000000
48,1790406433518450000,FL_calflower1,1790406433362295641,1790406433656984219,0.529896205,156.154359,138.534219,294.688578,1,0.806634486,0.589944811,0.036141241,-0.022620074,-0.590277167,0.807198730,-0.001805635,0.805565059,-0.030238249,-0.019877152,0.999344968,0.081894415,0.000000000,0.000000000,0.000000000,1.000000000
48,1790406433518450000,FL_foot,1790406433362295641,1790406433656984219,0.529896205,156.154359,138.534219,294.688578,1,0.714240540,0.589944811,-0.376597709,-0.018910029,-0.510208121,0.807198730,0.296846874,0.801934443,0.479112426,-0.019877152,0.877528347,0.055990948,0.000000000,0.000000000,0.000000000,1.000000000
48,1790406433518450000,FR_hip,1790406433362295641,1790406433656984219,0.529896205,156.154359,138.534219,294.688578,1,0.161133396,0.712999969,0.682398224,-0.053638733,-0.131291950,0.700773542,-0.701198295,0.602895169,-0.978160646,0.023392791,0.206529286,0.315801077,0.000000000,0.000000000,0.000000000,1.000000000
48,1790406433518450000,FR_thigh,1790406433362295641,1790406433656984219,0.529896205,156.154359,138.534219,294.688578,1,0.297733479,0.711987008,0.635947748,-0.121381733,-0.263540280,0.701571500,-0.662075626,0.536316542,-0.917551709,0.029523951,0.396518619,0.313578134,0.000000000,0.000000000,0.000000000,1.000000000
48,1790406433518450000,FR_calf,1790406433362295641,1790406433656984219,0.529896205,156.154359,138.534219,294.688578,1,0.541959723,0.714273014,-0.442825003,-0.254885248,-0.567113354,0.699692307,0.434526528,0.675724215,0.620211767,0.015635820,0.784278460,0.229990632,0.000000000,0.000000000,0.000000000,1.000000000
48,1790406433518450000,FR_calflower,1790406433362295641,1790406433656984219,0.529896205,156.154359,138.534219,294.688578,1,0.563414441,0.714273014,-0.415184890,-0.180417330,-0.588121885,0.699692307,0.405639628,0.600583424,0.580239078,0.015635820,0.814295986,0.127475191,0.000000000,0.000000000,0.000000000,1.000000000
48,1790406433518450000,FR_calflower1,1790406433362295641,1790406433656984219,0.529896205,156.154359,138.534219,294.688578,1,0.691469485,0.714273014,-0.108093833,-0.169826084,-0.708977059,0.699692307,0.088217852,0.590158832,0.138644187,0.015635820,0.990218728,0.089552911,0.000000000,0.000000000,0.000000000,1.000000000
48,1790406433518450000,FR_foot,1790406433362295641,1790406433656984219,0.529896205,156.154359,138.534219,294.688578,1,0.541959723,0.714273014,-0.442825003,-0.163100475,-0.567113354,0.699692307,0.434526528,0.583546155,0.620211767,0.015635820,0.784278460,0.064839596,0.000000000,0.000000000,0.000000000,1.000000000
48,1790406433518450000,RL_hip,1790406433362295641,1790406433656984219,0.529896205,156.154359,138.534219,294.688578,1,0.161133396,0.604917260,0.779814978,-0.054634607,-0.131291950,0.796255379,-0.590542106,0.723586309,-0.978160646,-0.007227666,0.207724167,0.694873425,0.000000000,0.000000000,0.000000000,1.000000000
48,1790406433518450000,RL_thigh,1790406433362295641,1790406433656984219,0.529896205,156.154359,138.534219,294.688578,1,-0.517882808,0.604883220,0.604908216,0.003129880,0.386672508,0.796283080,-0.465207277,0.799621976,-0.763074100,-0.007021766,-0.646272722,0.694183243,0.000000000,0.000000000,0.000000000,1.000000000
48,1790406433518450000,RL_calf,1790406433362295641,1790406433656984219,0.529896205,156.154359,138.534219,294.688578,1,0.572071316,0.604920077,0.553901049,-0.125663630,-0.440899937,0.796253083,-0.414232370,0.898626445,-0.691622579,-0.007244772,0.722222639,0.831772902,0.000000000,0.000000000,0.000000000,1.000000000
48,1790406433518450000,RL_calflower,1790406433362295641,1790406433656984219,0.529896205,156.154359,138.534219,294.688578,1,0.543672862,0.604920077,0.581800466,-0.196192717,-0.419645937,0.796253083,-0.435750500,0.951107462,-0.726854318,-0.007244772,0.686753327,0.711053968,0.000000000,0.000000000,0.000000000,1.000000000
48,1790406433518450000,RL_calflower1,1790406433362295641,1790406433656984219,0.529896205,156.154359,138.534219,294.688578,1,0.213571728,0.604920077,0.767110866,-0.224898782,-0.171003309,0.796253083,-0.580292236,0.972731639,-0.961844475,-0.007244772,0.273500526,0.690853173,0.000000000,0.000000000,0.000000000,1.000000000
48,1790406433518450000,RL_foot,1790406433362295641,1790406433656984219,0.529896205,156.154359,138.534219,294.688578,1,0.572071316,0.604920077,0.553901049,-0.243633281,-0.440899937,0.796253083,-0.414232370,0.986846766,-0.691622579,-0.007244772,0.722222639,0.677943259,0.000000000,0.000000000,0.000000000,1.000000000
48,1790406433518450000,RR_hip,1790406433362295641,1790406433656984219,0.529896205,156.154359,138.534219,294.688578,1,0.161133396,0.724441314,0.670239564,-0.115965131,-0.131291950,0.688811890,-0.712952164,0.653678895,-0.978160646,0.026883067,0.206104026,0.694153615,0.000000000,0.000000000,0.000000000,1.000000000
48,1790406433518450000,RR_thigh,1790406433362295641,1790406433656984219,0.529896205,156.154359,138.534219,294.688578,1,-0.411905928,0.724443262,0.552734774,-0.185139052,0.463813057,0.688810303,-0.557151683,0.587907094,-0.784354061,0.026871247,-0.619730959,0.691586660,0.000000000,0.000000000,0.000000000,1.000000000
48,1790406433518450000,RR_calf,1790406433362295641,1790406433656984219,0.529896205,156.154359,138.534219,294.688578,1,0.526216214,0.724377935,0.445391251,-0.302856494,-0.526925041,0.688863371,-0.497812656,0.706567289,-0.667417883,0.027269012,0.744183841,0.823593431,0.000000000,0.000000000,0.000000000,1.000000000
48,1790406433518450000,RR_calflower,1790406433362295641,1790406433656984219,0.529896205,156.154359,138.534219,294.688578,1,0.503298296,0.724377935,0.471134477,-0.358151626,-0.501386259,0.688863371,-0.523525795,0.769655820,-0.703777474,0.027269012,0.709896814,0.700240255,0.000000000,0.000000000,0.000000000,1.000000000
48,1790406433518450000,RR_calflower1,1790406433362295641,1790406433656984219,0.529896205,156.154359,138.534219,294.688578,1,0.228862943,0.724377935,0.650306561,-0.381997105,-0.202973755,0.688863372,-0.695894456,0.795583108,-0.952062612,0.027269012,0.304685087,0.678906012,0.000000000,0.000000000,0.000000000,1.000000000
48,1790406433518450000,RR_foot,1790406433362295641,1790406433656984219,0.529896205,156.154359,138.534219,294.688578,1,0.526216214,0.724377935,0.445391251,-0.397572106,-0.526925041,0.688863371,-0.497812656,0.812506448,-0.667417883,0.027269012,0.744183841,0.665255795,0.000000000,0.000000000,0.000000000,1.000000000
49,1790406433586449000,FL_hip,1790406433362295641,1790406433656984219,0.760644883,224.153359,70.535219,294.688578,1,0.178121677,0.491217083,0.852630504,0.009017729,-0.116365791,0.870921732,-0.477445766,0.656959201,-0.977103612,-0.014173880,0.212290952,0.336519444,0.000000000,0.000000000,0.000000000,1.000000000
49,1790406433586449000,FL_thigh,1790406433362295641,1790406433656984219,0.760644883,224.153359,70.535219,294.688578,1,0.326645831,0.490839293,0.807700205,0.055735375,-0.196986569,0.871164587,-0.449742898,0.739815516,-0.924390959,-0.012199748,0.381251016,0.335168267,0.000000000,0.000000000,0.000000000,1.000000000
49,1790406433586449000,FL_calf,1790406433362295641,1790406433656984219,0.760644883,224.153359,70.535219,294.688578,1,0.795941770,0.492163418,-0.352494254,-0.115412561,-0.440446244,0.870266121,0.220554086,0.835142027,0.415312434,-0.020293736,0.909452342,0.254224186,0.000000000,0.000000000,0.000000000,1.000000000
49,1790406433586449000,FL_calflower,1790406433362295641,1790406433656984219,0.760644883,224.153359,70.535219,294.688578,1,0.812564420,0.492163419,-0.312273219,-0.048686670,-0.450918911,0.870266121,0.198265314,0.793562215,0.369339729,-0.020293736,0.929072734,0.129090108,0.000000000,0.000000000,0.000000000,1.000000000
49,1790406433586449000,FL_calflower1,1790406433362295641,1790406433656984219,0.760644883,224.153359,70.535219,294.688578,1,0.864941785,0.492163419,0.098240569,-0.044518135,-0.491517578,0.870266121,-0.032364636,0.789968707,-0.101423977,-0.020293736,0.994636193,0.088634393,0.000000000,0.000000000,0.000000000,1.000000000
49,1790406433586449000,FL_foot,1790406433362295641,1790406433656984219,0.760644883,224.153359,70.535219,294.688578,1,0.795941770,0.492163418,-0.352494254,-0.042015151,-0.440446244,0.870266121,0.220554086,0.787749599,0.415312434,-0.020293736,0.909452342,0.062330816,0.000000000,0.000000000,0.000000000,1.000000000
49,1790406433586449000,FR_hip,1790406433362295641,1790406433656984219,0.760644883,224.153359,70.535219,294.688578,1,0.178121677,0.695919702,0.695678638,-0.047317470,-0.116365791,0.716920270,-0.687375042,0.582978025,-0.977103612,0.041482925,0.208680411,0.335060421,0.000000000,0.000000000,0.000000000,1.000000000
49,1790406433586449000,FR_thigh,1790406433362295641,1790406433656984219,0.760644883,224.153359,70.535219,294.688578,1,0.278402685,0.695165851,0.662749361,-0.113537208,-0.209713995,0.717377514,-0.664371630,0.514777764,-0.937289606,0.045974753,0.345505908,0.331111027,0.000000000,0.000000000,0.000000000,1.000000000
49,1790406433586449000,FR_calf,1790406433362295641,1790406433656984219,0.760644883,224.153359,70.535219,294.688578,1,0.510486026,0.697050150,-0.503513096,-0.253210816,-0.530759638,0.716125254,0.453275796,0.655177076,0.676534338,0.035853196,0.735537663,0.258128118,0.000000000,0.000000000,0.000000000,1.000000000
49,1790406433586449000,FR_calflower,1790406433362295641,1790406433656984219,0.760644883,224.153359,70.535219,294.688578,1,0.535013217,0.697050149,-0.477370168,-0.169917580,-0.552750675,0.716125254,0.426182393,0.577783740,0.638927284,0.035853196,0.768431057,0.163598686,0.000000000,0.000000000,0.000000000,1.000000000
49,1790406433586449000,FR_calflower1,1790406433362295641,1790406433656984219,0.760644883,224.153359,70.535219,294.688578,1,0.694993610,0.697050149,-0.176366953,-0.156457765,-0.687089196,0.716125254,0.122772868,0.566193718,0.211879797,0.035853196,0.976637761,0.126795159,0.000000000,0.000000000,0.000000000,1.000000000
49,1790406433586449000,FR_foot,1790406433362295641,1790406433656984219,0.760644883,224.153359,70.535219,294.688578,1,0.510486026,0.697050150,-0.503513096,-0.147866881,-0.530759638,0.716125254,0.453275796,0.558818092,0.676534338,0.035853196,0.735537663,0.102791808,0.000000000,0.000000000,0.000000000,1.000000000
49,1790406433586449000,RL_hip,1790406433362295641,1790406433656984219,0.760644883,224.153359,70.535219,294.688578,1,0.178121677,0.543345048,0.820395733,-0.059879736,-0.116365791,0.839508818,-0.530739171,0.701969489,-0.977103612,-0.000930142,0.212761561,0.714463121,0.000000000,0.000000000,0.000000000,1.000000000
49,1790406433586449000,RL_thigh,1790406433362295641,1790406433656984219,0.760644883,224.153359,70.535219,294.688578,1,-0.530126013,0.543316939,0.650978836,-0.007993660,0.342361377,0.839527163,-0.421880257,0.782137415,-0.775728945,-0.000779983,-0.631065616,0.714374292,0.000000000,0.000000000,0.000000000,1.000000000
49,1790406433586449000,RL_calf,1790406433362295641,1790406433656984219,0.760644883,224.153359,70.535219,294.688578,1,0.608252793,0.543347319,0.578621260,-0.146609284,-0.394447620,0.839507334,-0.373682528,0.871938905,-0.688795872,-0.000942632,0.724954601,0.848743210,0.000000000,0.000000000,0.000000000,1.000000000
49,1790406433586449000,RL_calflower,1790406433362295641,1790406433656984219,0.760644883,224.153359,70.535219,294.688578,1,0.578573625,0.543347319,0.608298103,-0.220074818,-0.375278321,0.839507334,-0.392929687,0.919349941,-0.724167685,-0.000942632,0.689623151,0.727675841,0.000000000,0.000000000,0.000000000,1.000000000
49,1790406433586449000,RL_calflower1,1790406433362295641,1790406433656984219,0.760644883,224.153359,70.535219,294.688578,1,0.232292471,0.543347319,0.806730580,-0.250190407,-0.151423218,0.839507334,-0.521822351,0.938818370,-0.960786671,-0.000942631,0.277286676,0.707333184,0.000000000,0.000000000,0.000000000,1.000000000
49,1790406433586449000,RL_foot,1790406433362295641,1790406433656984219,0.760644883,224.153359,70.535219,294.688578,1,0.608252793,0.543347319,0.578621260,-0.269846835,-0.394447620,0.839507334,-0.373682528,0.951525715,-0.688795872,-0.000942632,0.724954601,0.694330686,0.000000000,0.000000000,0.000000000,1.000000000
49,1790406433586449000,RR_hip,1790406433362295641,1790406433656984219,0.760644883,224.153359,70.535219,294.688578,1,0.178121677,0.680434042,0.710832268,-0.116214935,-0.116365791,0.731880621,-0.671423771,0.627988313,-0.977103612,0.036878291,0.209543167,0.713004098,0.000000000,0.000000000,0.000000000,1.000000000
49,1790406433586449000,RR_thigh,1790406433362295641,1790406433656984219,0.760644883,224.153359,70.535219,294.688578,1,-0.431839644,0.680435617,0.592049174,-0.181189407,0.441118140,0.731879592,-0.519391153,0.558101309,-0.786720820,0.036869662,-0.616206780,0.709482589,0.000000000,0.000000000,0.000000000,1.000000000
49,1790406433586449000,RR_calf,1790406433362295641,1790406433656984219,0.760644883,224.153359,70.535219,294.688578,1,0.553777580,0.680384298,0.480008261,-0.307284283,-0.480254610,0.731912593,-0.483383477,0.668722784,-0.680210273,0.037160474,0.732074381,0.840737683,0.000000000,0.000000000,0.000000000,1.000000000
49,1790406433586449000,RR_calflower,1790406433362295641,1790406433656984219,0.760644883,224.153359,70.535219,294.688578,1,0.529095088,0.680384297,0.507085719,-0.367176109,-0.455495312,0.731912594,-0.506782100,0.730626488,-0.715948656,0.037160474,0.697163135,0.718884678,0.000000000,0.000000000,0.000000000,1.000000000
49,1790406433586449000,RR_calflower1,1790406433362295641,1790406433656984219,0.760644883,224.153359,70.535219,294.688578,1,0.235143032,0.680384297,0.694107552,-0.392725223,-0.170000609,0.731912594,-0.659851399,0.755434048,-0.956978241,0.037160474,0.287769981,0.698175001,0.000000000,0.000000000,0.000000000,1.000000000
49,1790406433586449000,RR_foot,1790406433362295641,1790406433656984219,0.760644883,224.153359,70.535219,294.688578,1,0.553777580,0.680384298,0.480008261,-0.409410488,-0.480254610,0.731912593,-0.483383477,0.771620586,-0.680210273,0.037160474,0.732074381,0.684932528,0.000000000,0.000000000,0.000000000,1.000000000
50,1790406433654447000,FL_hip,1790406433362295641,1790406433656984219,0.991390169,292.151359,2.537219,294.688578,1,0.162666932,0.405429844,0.899536816,0.002434579,-0.111326822,0.913399014,-0.391546491,0.638699740,-0.980380337,-0.036451201,0.193715059,0.342518246,0.000000000,0.000000000,0.000000000,1.000000000
50,1790406433654447000,FL_thigh,1790406433362295641,1790406433656984219,0.991390169,292.151359,2.537219,294.688578,1,0.339882147,0.405412910,0.848599358,0.041145033,-0.187538636,0.913410223,-0.361263199,0.725913951,-0.921579759,-0.036358546,0.386482372,0.339037561,0.000000000,0.000000000,0.000000000,1.000000000
50,1790406433654447000,FL_calf,1790406433362295641,1790406433656984219,0.991390169,292.151359,2.537219,294.688578,1,0.868523237,0.405462988,-0.285074596,-0.139563298,-0.372396784,0.913372742,0.164532505,0.802843904,0.327091187,-0.036739733,0.944278225,0.256728638,0.000000000,0.000000000,0.000000000,1.000000000
50,1790406433654447000,FL_calflower,1790406433362295641,1790406433656984219,0.991390169,292.151359,2.537219,294.688578,1,0.881685600,0.405462989,-0.241310256,-0.080062572,-0.380154583,0.913372741,0.145714800,0.771034746,0.279488166,-0.036739733,0.959445869,0.123574313,0.000000000,0.000000000,0.000000000,1.000000000
50,1790406433654447000,FL_calflower1,1790406433362295641,1790406433656984219,0.991390169,292.151359,2.537219,294.688578,1,0.893482702,0.405462988,0.193103078,-0.079234845,-0.404483245,0.913372741,-0.046299182,0.768998959,-0.195147538,-0.036739733,0.980085430,0.082420688,0.000000000,0.000000000,0.000000000,1.000000000
50,1790406433654447000,FL_foot,1790406433362295641,1790406433656984219,0.991390169,292.151359,2.537219,294.688578,1,0.868523237,0.405462988,-0.285074596,-0.078915965,-0.372396784,0.913372742,0.164532505,0.767773580,0.327091187,-0.036739733,0.944278225,0.055685917,0.000000000,0.000000000,0.000000000,1.000000000
50,1790406433654447000,FR_hip,1790406433362295641,1790406433656984219,0.991390169,292.151359,2.537219,294.688578,1,0.162666932,0.694563824,0.700800211,-0.050254116,-0.111326822,0.718644093,-0.686408830,0.562064907,-0.980380337,0.033637894,0.194223341,0.342478292,0.000000000,0.000000000,0.000000000,1.000000000
50,1790406433654447000,FR_thigh,1790406433362295641,1790406433656984219,0.991390169,292.151359,2.537219,294.688578,1,0.222266091,0.694535049,0.684265463,-0.116574096,-0.169581047,0.718661962,-0.674364388,0.493447217,-0.960124917,0.033849618,0.277514265,0.339266220,0.000000000,0.000000000,0.000000000,1.000000000
50,1790406433654447000,FR_calf,1790406433362295641,1790406433656984219,0.991390169,292.151359,2.537219,294.688578,1,0.483818012,0.694617662,-0.532378444,-0.262250069,-0.500995822,0.718604323,0.482297717,0.637036827,0.717581878,0.033374790,0.695673912,0.280181226,0.000000000,0.000000000,0.000000000,1.000000000
50,1790406433654447000,FR_calflower,1790406433362295641,1790406433656984219,0.991390169,292.151359,2.537219,294.688578,1,0.509821198,0.694617662,-0.507532288,-0.173849401,-0.524474547,0.718604323,0.456655615,0.555649598,0.681915883,0.033374790,0.730668647,0.191610440,0.000000000,0.000000000,0.000000000,1.000000000
50,1790406433654447000,FR_calflower1,1790406433362295641,1790406433656984219,0.991390169,292.151359,2.537219,294.688578,1,0.686576656,0.694617662,-0.214753750,-0.158659538,-0.676080314,0.718604323,0.162859788,0.542624635,0.267448360,0.033374790,0.962993934,0.155579738,0.000000000,0.000000000,0.000000000,1.000000000
50,1790406433654447000,FR_foot,1790406433362295641,1790406433656984219,0.991390169,292.151359,2.537219,294.688578,1,0.483818012,0.694617662,-0.532378444,-0.148942869,-0.500995822,0.718604323,0.482297717,0.534314324,0.717581878,0.033374790,0.695673912,0.132065122,0.000000000,0.000000000,0.000000000,1.000000000
50,1790406433654447000,RL_hip,1790406433362295641,1790406433656984219,0.991390169,292.151359,2.537219,294.688578,1,0.162666932,0.496495258,0.852661891,-0.060484990,-0.111326822,0.867888611,-0.484123716,0.681760955,-0.980380337,-0.016173507,0.196450074,0.721729360,0.000000000,0.000000000,0.000000000,1.000000000
50,1790406433654447000,RL_thigh,1790406433362295641,1790406433656984219,0.991390169,292.151359,2.537219,294.688578,1,-0.555331150,0.496494020,0.667159182,-0.013069839,0.303264647,0.867889450,-0.393444445,0.764644067,-0.774363060,-0.016166450,-0.632534834,0.720184795,0.000000000,0.000000000,0.000000000,1.000000000
50,1790406433654447000,RL_calf,1790406433362295641,1790406433656984219,0.991390169,292.151359,2.537219,294.688578,1,0.612853415,0.496495354,0.614738503,-0.155172636,-0.363670513,0.867888545,-0.338398148,0.848445058,-0.701537302,-0.016174094,0.712449038,0.854912442,0.000000000,0.000000000,0.000000000,1.000000000
50,1790406433654447000,RL_calflower,1790406433362295641,1790406433656984219,0.991390169,292.151359,2.537219,294.688578,1,0.581363388,0.496495355,0.644600144,-0.233896603,-0.346303162,0.867888545,-0.356151188,0.891254351,-0.736268174,-0.016174095,0.676496411,0.735439319,0.000000000,0.000000000,0.000000000,1.000000000
50,1790406433654447000,RL_calflower1,1790406433362295641,1790406433656984219,0.991390169,292.151359,2.537219,294.688578,1,0.218003450,0.496495355,0.840218562,-0.265494140,-0.142705944,0.867888545,-0.475819885,0.908963363,-0.965458087,-0.016174094,0.260055570,0.715742170,0.000000000,0.000000000,0.000000000,1.000000000
50,1790406433654447000,RL_foot,1790406433362295641,1790406433656984219,0.991390169,292.151359,2.537219,294.688578,1,0.612853415,0.496495354,0.614738503,-0.286111506,-0.363670513,0.867888545,-0.338398148,0.920523530,-0.701537302,-0.016174094,0.712449038,0.703160920,0.000000000,0.000000000,0.000000000,1.000000000
50,1790406433654447000,RR_hip,1790406433362295641,1790406433656984219,0.991390169,292.151359,2.537219,294.688578,1,0.162666932,0.650583614,0.741809142,-0.113173685,-0.111326822,0.759123111,-0.641356777,0.605126122,-0.980380337,0.021744013,0.195911745,0.721689406,0.000000000,0.000000000,0.000000000,1.000000000
50,1790406433654447000,RR_thigh,1790406433362295641,1790406433656984219,0.991390169,292.151359,2.537219,294.688578,1,-0.465134197,0.650583681,0.600326099,-0.175304109,0.420935539,0.759123065,-0.496533502,0.532630236,-0.778757852,0.021743607,-0.626947560,0.719612862,0.000000000,0.000000000,0.000000000,1.000000000
50,1790406433654447000,RR_calf,1790406433362295641,1790406433656984219,0.991390169,292.151359,2.537219,294.688578,1,0.547700283,0.650581566,0.526087824,-0.303173004,-0.449155790,0.759124485,-0.471157264,0.638391483,-0.705892037,0.021757303,0.707985078,0.853152825,0.000000000,0.000000000,0.000000000,1.000000000
50,1790406433654447000,RR_calflower,1790406433362295641,1790406433656984219,0.991390169,292.151359,2.537219,294.688578,1,0.520722368,0.650581566,0.552803956,-0.370076348,-0.425046414,0.759124485,-0.493016873,0.699138300,-0.740394362,0.021757303,0.671820384,0.734257700,0.000000000,0.000000000,0.000000000,1.000000000
50,1790406433654447000,RR_calflower1,1790406433362295641,1790406433656984219,0.991390169,292.151359,2.537219,294.688578,1,0.206604741,0.650581566,0.730793048,-0.397394485,-0.149349086,0.759124485,-0.633581045,0.723108619,-0.966958703,0.021757302,0.254002571,0.714789608,0.000000000,0.000000000,0.000000000,1.000000000
50,1790406433654447000,RR_foot,1790406433362295641,1790406433656984219,0.991390169,292.151359,2.537219,294.688578,1,0.547700283,0.650581566,0.526087824,-0.415224007,-0.449155790,0.759124485,-0.471157264,0.738745279,-0.705892037,0.021757303,0.707985078,0.702357790,0.000000000,0.000000000,0.000000000,1.000000000
51,1790406433718454000,FL_hip,1790406433656984219,1790406433785085997,0.479851115,61.469781,66.631997,128.101778,1,0.166070200,0.462349418,0.871007526,-0.005353839,-0.112592485,0.886386324,-0.449045936,0.603705058,-0.979664952,-0.023496039,0.199259485,0.348704273,0.000000000,0.000000000,0.000000000,1.000000000
51,1790406433718454000,FL_thigh,1790406433656984219,1790406433785085997,0.479851115,61.469781,66.631997,128.101778,1,0.302248612,0.461928402,0.833827520,0.038543520,-0.179665496,0.886667737,-0.426075896,0.687865618,-0.936144180,-0.021029473,0.350986696,0.346473073,0.000000000,0.000000000,0.000000000,1.000000000
51,1790406433718454000,FL_calf,1790406433656984219,1790406433785085997,0.479851115,61.469781,66.631997,128.101778,1,0.850671294,0.461990500,-0.250845637,-0.137771496,-0.436175800,0.886626730,0.153765237,0.778044068,0.293444554,-0.021391163,0.955736646,0.272035524,0.000000000,0.000000000,0.000000000,1.000000000
51,1790406433718454000,FL_calflower,1790406433656984219,1790406433785085997,0.479851115,61.469781,66.631997,128.101778,1,0.862145233,0.461990500,-0.208016301,-0.083702580,-0.443315753,0.886626730,0.131773367,0.746952167,0.245310901,-0.021391164,0.969208339,0.136516414,0.000000000,0.000000000,0.000000000,1.000000000
51,1790406433718454000,FL_calflower1,1790406433656984219,1790406433785085997,0.479851115,61.469781,66.631997,128.101778,1,0.860776040,0.461990500,0.213611312,-0.083921898,-0.454069019,0.886626730,-0.087831676,0.746170102,-0.229970704,-0.021391164,0.972962342,0.095335108,0.000000000,0.000000000,0.000000000,1.000000000
51,1790406433718454000,FL_foot,1790406433656984219,1790406433785085997,0.479851115,61.469781,66.631997,128.101778,1,0.850671294,0.461990500,-0.250845637,-0.084275340,-0.436175800,0.886626730,0.153765237,0.745772044,0.293444554,-0.021391163,0.955736646,0.068591117,0.000000000,0.000000000,0.000000000,1.000000000
51,1790406433718454000,FR_hip,1790406433656984219,1790406433785085997,0.479851115,61.469781,66.631997,128.101778,1,0.166070200,0.495636668,0.852505359,-0.055193738,-0.112592485,0.868386374,-0.482936925,0.525189763,-0.979664952,-0.015784549,0.200018135,0.349279302,0.000000000,0.000000000,0.000000000,1.000000000
51,1790406433718454000,FR_thigh,1790406433656984219,1790406433785085997,0.479851115,61.469781,66.631997,128.101778,1,0.328917825,0.493536695,0.805130425,-0.101314999,-0.190400023,0.869717680,-0.455344950,0.444412356,-0.924965269,-0.003526069,0.380035054,0.350744687,0.000000000,0.000000000,0.000000000,1.000000000
51,1790406433718454000,FR_calf,1790406433656984219,1790406433785085997,0.479851115,61.469781,66.631997,128.101778,1,0.695171034,0.498567540,-0.517849445,-0.266938140,-0.376554237,0.866209327,0.328463612,0.538694968,0.612327229,-0.033340264,0.789901017,0.271337899,0.000000000,0.000000000,0.000000000,1.000000000
51,1790406433718454000,FR_calflower,1790406433656984219,1790406433785085997,0.479851115,61.469781,66.631997,128.101778,1,0.720183936,0.498567540,-0.482458198,-0.180363258,-0.392499981,0.866209327,0.309233250,0.482338885,0.572083383,-0.033340263,0.819517452,0.167551536,0.000000000,0.000000000,0.000000000,1.000000000
51,1790406433718454000,FR_calflower1,1790406433656984219,1790406433785085997,0.479851115,61.469781,66.631997,128.101778,1,0.861588644,0.498567539,-0.095372027,-0.168901194,-0.490942965,0.866209327,0.093040005,0.473453855,0.128998962,-0.033340263,0.991084012,0.129492620,0.000000000,0.000000000,0.000000000,1.000000000
51,1790406433718454000,FR_foot,1790406433656984219,1790406433785085997,0.479851115,61.469781,66.631997,128.101778,1,0.695171034,0.498567540,-0.517849445,-0.161645647,-0.376554237,0.866209327,0.328463612,0.467788169,0.612327229,-0.033340264,0.789901017,0.104693733,0.000000000,0.000000000,0.000000000,1.000000000
51,1790406433718454000,RL_hip,1790406433656984219,1790406433785085997,0.479851115,61.469781,66.631997,128.101778,1,0.166070200,0.464267847,0.869986472,-0.069589792,-0.112592485,0.885394551,-0.450998289,0.647255831,-0.979664952,-0.023056849,0.199310782,0.727638676,0.000000000,0.000000000,0.000000000,1.000000000
51,1790406433718454000,RL_thigh,1790406433656984219,1790406433785085997,0.479851115,61.469781,66.631997,128.101778,1,-0.611193919,0.464266594,0.641013985,-0.025252213,0.301434617,0.885395399,-0.353853351,0.731811009,-0.731832979,-0.023049497,-0.681093999,0.725436747,0.000000000,0.000000000,0.000000000,1.000000000
51,1790406433718454000,RL_calf,1790406433656984219,1790406433785085997,0.479851115,61.469781,66.631997,128.101778,1,0.580261200,0.464266567,0.669144155,-0.161446707,-0.323721098,0.885395418,-0.333586030,0.806991739,-0.747329690,-0.023049337,0.664053376,0.870144914,0.000000000,0.000000000,0.000000000,1.000000000
51,1790406433718454000,RL_calflower,1790406433656984219,1790406433785085997,0.479851115,61.469781,66.631997,128.101778,1,0.546092756,0.464266567,0.697308872,-0.248644856,-0.306644179,0.885395418,-0.349348446,0.849775966,-0.779584559,-0.023049337,0.625872566,0.757214649,0.000000000,0.000000000,0.000000000,1.000000000
51,1790406433718454000,RL_calflower1,1790406433656984219,1790406433785085997,0.479851115,61.469781,66.631997,128.101778,1,0.162378785,0.464266567,0.870683692,-0.281910618,-0.110669992,0.885395418,-0.451472194,0.866771705,-0.980502463,-0.023049337,0.195149873,0.740020579,0.000000000,0.000000000,0.000000000,1.000000000
51,1790406433718454000,RL_foot,1790406433656984219,1790406433785085997,0.479851115,61.469781,66.631997,128.101778,1,0.580261200,0.464266567,0.669144155,-0.303599868,-0.323721098,0.885395418,-0.333586030,0.877859714,-0.747329690,-0.023049337,0.664053376,0.729071405,0.000000000,0.000000000,0.000000000,1.000000000
51,1790406433718454000,RR_hip,1790406433656984219,1790406433785085997,0.479851115,61.469781,66.631997,128.101778,1,0.166070200,0.619422886,0.767291589,-0.119429691,-0.112592485,0.784917965,-0.609283806,0.568740536,-0.979664952,0.014792348,0.200093960,0.728213705,0.000000000,0.000000000,0.000000000,1.000000000
51,1790406433718454000,RR_thigh,1790406433656984219,1790406433785085997,0.479851115,61.469781,66.631997,128.101778,1,-0.544396314,0.619461060,0.565597962,-0.178584054,0.442877391,0.784892023,-0.433363779,0.493781533,-0.712385223,0.014568636,-0.701637281,0.726801048,0.000000000,0.000000000,0.000000000,1.000000000
51,1790406433718454000,RR_calf,1790406433656984219,1790406433785085997,0.479851115,61.469781,66.631997,128.101778,1,0.554292035,0.619429458,0.555938749,-0.298323643,-0.423966844,0.784913508,-0.451843929,0.585577750,-0.716248930,0.014753625,0.697688774,0.875368668,0.000000000,0.000000000,0.000000000,1.000000000
51,1790406433718454000,RR_calflower,1790406433656984219,1790406433785085997,0.479851115,61.469781,66.631997,128.101778,1,0.525813958,0.619429458,0.582947025,-0.369505743,-0.400854212,0.784913508,-0.472468752,0.643957377,-0.750223711,0.014753625,0.661019318,0.757806665,0.000000000,0.000000000,0.000000000,1.000000000
51,1790406433718454000,RR_calflower1,1790406433656984219,1790406433785085997,0.479851115,61.469781,66.631997,128.101778,1,0.197201514,0.619429458,0.759880988,-0.398076717,-0.137379420,0.784913508,-0.604183512,0.666860060,-0.970689578,0.014753625,0.239883092,0.738871536,0.000000000,0.000000000,0.000000000,1.000000000
51,1790406433718454000,RR_foot,1790406433656984219,1790406433785085997,0.479851115,61.469781,66.631997,128.101778,1,0.554292035,0.619429458,0.555938749,-0.416719256,-0.423966844,0.784913508,-0.451843929,0.681798962,-0.716248930,0.014753625,0.697688774,0.726787456,0.000000000,0.000000000,0.000000000,1.000000000
52,1790406433786449000,FL_hip,1790406433785085997,1790406433862639847,0.017574924,1.363003,76.190847,77.553850,0,0.188010867,0.546436850,0.816124439,-0.006805776,-0.130839738,0.837470687,-0.530588186,0.599578142,-0.973412900,-0.007025438,0.228949353,0.336450699,0.000000000,0.000000000,0.000000000,1.000000000
52,1790406433786449000,FL_thigh,1790406433785085997,1790406433862639847,0.017574924,1.363003,76.190847,77.553850,0,0.275238434,0.546437328,0.790980701,0.045378931,-0.187501457,0.837470356,-0.513309477,0.679556574,-0.942914006,-0.007027812,0.332961896,0.335779770,0.000000000,0.000000000,0.000000000,1.000000000
52,1790406433786449000,FL_calf,1790406433785085997,1790406433862639847,0.017574924,1.363003,76.190847,77.553850,0,0.804332396,0.546436744,-0.233359592,-0.123095562,-0.522440438,0.837470761,0.160308218,0.788888598,0.283030226,-0.007024881,0.959085178,0.264860637,0.000000000,0.000000000,0.000000000,1.000000000
52,1790406433786449000,FL_calflower,1790406433785085997,1790406433862639847,0.017574924,1.363003,76.190847,77.553850,0,0.814990309,0.546436744,-0.192868088,-0.072471726,-0.529799595,0.837470761,0.133996736,0.754714296,0.234742231,-0.007024881,0.972032187,0.128576825,0.000000000,0.000000000,0.000000000,1.000000000
52,1790406433786449000,FL_calflower1,1790406433785085997,1790406433862639847,0.017574924,1.363003,76.190847,77.553850,0,0.811954733,0.546436744,0.205272538,-0.072906891,-0.531806453,0.837470761,-0.125795996,0.754652440,-0.240649054,-0.007024881,0.970586689,0.087348174,0.000000000,0.000000000,0.000000000,1.000000000
52,1790406433786449000,FL_foot,1790406433785085997,1790406433862639847,0.017574924,1.363003,76.190847,77.553850,0,0.804332396,0.546436744,-0.233359592,-0.073389976,-0.522440438,0.837470761,0.160308218,0.754743100,0.283030226,-0.007024881,0.959085178,0.060575781,0.000000000,0.000000000,0.000000000,1.000000000
52,1790406433786449000,FR_hip,1790406433785085997,1790406433862639847,0.017574924,1.363003,76.190847,77.553850,0,0.188010867,0.273806294,0.943229794,-0.055677253,-0.130839738,0.958778261,-0.252240403,0.520463358,-0.973412900,-0.075988297,0.216085496,0.337645479,0.000000000,0.000000000,0.000000000,1.000000000
52,1790406433786449000,FR_thigh,1790406433785085997,1790406433862639847,0.017574924,1.363003,76.190847,77.553850,0,0.460963991,0.273822589,0.844117176,-0.081816306,-0.200249940,0.958766583,-0.201659645,0.428927013,-0.864529983,-0.076076874,0.496789748,0.344900560,0.000000000,0.000000000,0.000000000,1.000000000
52,1790406433786449000,FR_calf,1790406433785085997,1790406433862639847,0.017574924,1.363003,76.190847,77.553850,0,0.847728207,0.273807138,-0.454298312,-0.261554555,-0.203261405,0.958777673,0.198570356,0.471854407,0.489940982,-0.075992674,0.868436978,0.239100521,0.000000000,0.000000000,0.000000000,1.000000000
52,1790406433786449000,FR_calflower,1790406433785085997,1790406433862639847,0.017574924,1.363003,76.190847,77.553850,0,0.869374220,0.273807138,-0.411361806,-0.177381356,-0.212931763,0.958777673,0.188163359,0.438405982,0.445924925,-0.075992674,0.891838501,0.120366602,0.000000000,0.000000000,0.000000000,1.000000000
52,1790406433786449000,FR_calflower1,1790406433785085997,1790406433862639847,0.017574924,1.363003,76.190847,77.553850,0,0.961088835,0.273807137,0.036583077,-0.169620705,-0.275759313,0.958777673,0.068572490,0.433008598,-0.016299304,-0.075992674,0.996975066,0.080233823,0.000000000,0.000000000,0.000000000,1.000000000
52,1790406433786449000,FR_foot,1790406433785085997,1790406433862639847,0.017574924,1.363003,76.190847,77.553850,0,0.847728207,0.273807138,-0.454298312,-0.164806594,-0.203261405,0.958777673,0.198570356,0.429563839,0.489940982,-0.075992674,0.868436978,0.054119411,0.000000000,0.000000000,0.000000000,1.000000000
52,1790406433786449000,RL_hip,1790406433785085997,1790406433862639847,0.017574924,1.363003,76.190847,77.553850,0,0.188010867,0.454459921,0.870700013,-0.079528379,-0.130839738,0.890196479,-0.436384239,0.650186952,-0.973412900,-0.031877468,0.226828107,0.712966809,0.000000000,0.000000000,0.000000000,1.000000000
52,1790406433786449000,RL_thigh,1790406433785085997,1790406433862639847,0.017574924,1.363003,76.190847,77.553850,0,-0.645956841,0.454460085,0.613356510,-0.036127938,0.304707467,0.890196365,-0.338679500,0.735199797,-0.699923944,-0.031878316,-0.713505489,0.709922541,0.000000000,0.000000000,0.000000000,1.000000000
52,1790406433786449000,RL_calf,1790406433785085997,1790406433862639847,0.017574924,1.363003,76.190847,77.553850,0,0.548765990,0.454462183,0.701655493,-0.166771748,-0.307996427,0.890194891,-0.335695202,0.807338127,-0.777170577,-0.031889561,0.628481334,0.861899469,0.000000000,0.000000000,0.000000000,1.000000000
52,1790406433786449000,RL_calflower,1790406433785085997,1790406433862639847,0.017574924,1.363003,76.190847,77.553850,0,0.513012016,0.454462183,0.728205475,-0.259639486,-0.290833744,0.890194891,-0.350669076,0.850858934,-0.807610291,-0.031889560,0.588853556,0.753342701,0.000000000,0.000000000,0.000000000,1.000000000
52,1790406433786449000,RL_calflower1,1790406433785085997,1790406433862639847,0.017574924,1.363003,76.190847,77.553850,0,0.118768930,0.454462182,0.882812825,-0.293897005,-0.096036377,0.890194891,-0.445342657,0.867793515,-0.988266537,-0.031889560,0.149372500,0.737864988,0.000000000,0.000000000,0.000000000,1.000000000
52,1790406433786449000,RL_foot,1790406433785085997,1790406433862639847,0.017574924,1.363003,76.190847,77.553850,0,0.548765990,0.454462183,0.701655493,-0.316221057,-0.307996427,0.890194891,-0.335695202,0.878838195,-0.777170577,-0.031889561,0.628481334,0.728035361,0.000000000,0.000000000,0.000000000,1.000000000
52,1790406433786449000,RR_hip,1790406433785085997,1790406433862639847,0.017574924,1.363003,76.190847,77.553850,0,0.188010867,0.605281510,0.773489900,-0.128399856,-0.130839738,0.795949497,-0.591054459,0.571072168,-0.973412900,0.009921179,0.228842158,0.714161589,0.000000000,0.000000000,0.000000000,1.000000000
52,1790406433786449000,RR_thigh,1790406433785085997,1790406433862639847,0.017574924,1.363003,76.190847,77.553850,0,-0.598441733,0.605270409,0.524895840,-0.186203242,0.463274558,0.795957123,-0.389652350,0.495060343,-0.653639580,0.009986395,-0.756739987,0.713214127,0.000000000,0.000000000,0.000000000,1.000000000
52,1790406433786449000,RR_calf,1790406433785085997,1790406433862639847,0.017574924,1.363003,76.190847,77.553850,0,0.566740500,0.605271772,0.558973797,-0.297981495,-0.422098895,0.795956200,-0.433919649,0.578023622,-0.707557624,0.009977351,0.706585096,0.874361504,0.000000000,0.000000000,0.000000000,1.000000000
52,1790406433786449000,RR_calflower,1790406433785085997,1790406433862639847,0.017574924,1.363003,76.190847,77.553850,0,0.538095176,0.605271771,0.586600445,-0.369357137,-0.399884438,0.795956200,-0.454473515,0.633795829,-0.741987898,0.009977351,0.670338906,0.755659172,0.000000000,0.000000000,0.000000000,1.000000000
52,1790406433786449000,RR_calflower1,1790406433785085997,1790406433862639847,0.017574924,1.363003,76.190847,77.553850,0,0.206407819,0.605271771,0.768792763,-0.398195799,-0.144829061,0.795956200,-0.587774006,0.655969874,-0.967688045,0.009977351,0.251952647,0.736269587,0.000000000,0.000000000,0.000000000,1.000000000
52,1790406433786449000,RR_foot,1790406433785085997,1790406433862639847,0.017574924,1.363003,76.190847,77.553850,0,0.566740500,0.605271772,0.558973797,-0.417014828,-0.422098895,0.795956200,-0.433919649,0.670436391,-0.707557624,0.009977351,0.706585096,0.723889005,0.000000000,0.000000000,0.000000000,1.000000000
53,1790406433854449000,FL_hip,1790406433785085997,1790406433862639847,0.894385037,69.363003,8.190847,77.553850,0,0.177008989,0.544679875,0.819751222,-0.008530367,-0.133766697,0.838488346,-0.528245944,0.580131078,-0.975076451,-0.016151405,0.221280106,0.347668223,0.000000000,0.000000000,0.000000000,1.000000000
53,1790406433854449000,FL_thigh,1790406433785085997,1790406433862639847,0.894385037,69.363003,8.190847,77.553850,0,0.226244658,0.544682163,0.807548829,0.043486495,-0.165473877,0.838486608,-0.519190348,0.660206614,-0.959912264,-0.016164465,0.279833868,0.346125766,0.000000000,0.000000000,0.000000000,1.000000000
53,1790406433854449000,FL_calf,1790406433785085997,1790406433862639847,0.894385037,69.363003,8.190847,77.553850,0,0.806022317,0.544679317,-0.231630916,-0.128497146,-0.518076935,0.838488767,0.168916811,0.770778243,0.286225496,-0.016148357,0.958026114,0.286530044,0.000000000,0.000000000,0.000000000,1.000000000
53,1790406433854449000,FL_calflower,1790406433785085997,1790406433862639847,0.894385037,69.363003,8.190847,77.553850,0,0.816591720,0.544679317,-0.191057112,-0.078095491,-0.525871796,0.838488767,0.142812655,0.735417691,0.237986439,-0.016148358,0.971134143,0.150467727,0.000000000,0.000000000,0.000000000,1.000000000
53,1790406433854449000,FL_calflower1,1790406433785085997,1790406433862639847,0.894385037,69.363003,8.190847,77.553850,0,0.812538905,0.544679317,0.207618363,-0.078619040,-0.532393523,0.838488767,-0.116162544,0.734964005,-0.237356760,-0.016148358,0.971288236,0.109242816,0.000000000,0.000000000,0.000000000,1.000000000
53,1790406433854449000,FL_foot,1790406433785085997,1790406433862639847,0.894385037,69.363003,8.190847,77.553850,0,0.806022317,0.544679317,-0.231630916,-0.079159788,-0.518076935,0.838488767,0.168916811,0.734799803,0.286225496,-0.016148357,0.958026114,0.082472046,0.000000000,0.000000000,0.000000000,1.000000000
53,1790406433854449000,FR_hip,1790406433785085997,1790406433862639847,0.894385037,69.363003,8.190847,77.553850,0,0.177008989,0.425466890,0.887494314,-0.057581242,-0.133766697,0.903765653,-0.406588400,0.501141981,-0.975076451,-0.046747666,0.216888010,0.349600062,0.000000000,0.000000000,0.000000000,1.000000000
53,1790406433854449000,FR_thigh,1790406433785085997,1790406433862639847,0.894385037,69.363003,8.190847,77.553850,0,0.472396306,0.425558080,0.771843550,-0.098153549,-0.266366161,0.903697565,-0.335230952,0.414976945,-0.840173045,-0.047231424,0.540257610,0.354055481,0.000000000,0.000000000,0.000000000,1.000000000
53,1790406433854449000,FR_calf,1790406433785085997,1790406433862639847,0.894385037,69.363003,8.190847,77.553850,0,0.796557880,0.425471252,-0.429499909,-0.262244336,-0.349471624,0.903762359,0.247150146,0.486220849,0.493321099,-0.046771649,0.868588824,0.239072584,0.000000000,0.000000000,0.000000000,1.000000000
53,1790406433854449000,FR_calflower,1790406433785085997,1790406433862639847,0.894385037,69.363003,8.190847,77.553850,0,0.817028439,0.425471252,-0.389151845,-0.182841349,-0.361387235,0.903762359,0.229374970,0.442687172,0.449293227,-0.046771649,0.892159093,0.120366119,0.000000000,0.000000000,0.000000000,1.000000000
53,1790406433854449000,FR_calflower1,1790406433785085997,1790406433862639847,0.894385037,69.363003,8.190847,77.553850,0,0.904402295,0.425471252,0.032111008,-0.175446045,-0.426469227,0.903762359,0.036573335,0.437125154,-0.013459679,-0.046771649,0.998814842,0.080186873,0.000000000,0.000000000,0.000000000,1.000000000
53,1790406433854449000,FR_foot,1790406433785085997,1790406433862639847,0.894385037,69.363003,8.190847,77.553850,0,0.796557880,0.425471252,-0.429499909,-0.170855456,-0.349471624,0.903762359,0.247150146,0.433610233,0.493321099,-0.046771649,0.868588824,0.054041590,0.000000000,0.000000000,0.000000000,1.000000000
53,1790406433854449000,RL_hip,1790406433785085997,1790406433862639847,0.894385037,69.363003,8.190847,77.553850,0,0.177008989,0.483190232,0.857435381,-0.076997444,-0.133766697,0.874918805,-0.465428370,0.631872037,-0.975076451,-0.032311573,0.219503338,0.724827794,0.000000000,0.000000000,0.000000000,1.000000000
53,1790406433854449000,RL_thigh,1790406433785085997,1790406433862639847,0.894385037,69.363003,8.190847,77.553850,0,-0.638856639,0.483191078,0.598655987,-0.030855476,0.327102048,0.874918166,-0.357102877,0.715421789,-0.696323822,-0.032316224,-0.716999746,0.721742234,0.000000000,0.000000000,0.000000000,1.000000000
53,1790406433854449000,RL_calf,1790406433785085997,1790406433862639847,0.894385037,69.363003,8.190847,77.553850,0,0.557373937,0.483202553,0.675166648,-0.158363051,-0.335929140,0.874909558,-0.348833616,0.791482417,-0.759266716,-0.032377665,0.649973522,0.874464542,0.000000000,0.000000000,0.000000000,1.000000000
53,1790406433854449000,RL_calflower,1790406433785085997,1790406433862639847,0.894385037,69.363003,8.190847,77.553850,0,0.522933097,0.483202553,0.702179951,-0.247129690,-0.318074901,0.874909557,-0.365187124,0.836379363,-0.790802967,-0.032377664,0.611213705,0.763093501,0.000000000,0.000000000,0.000000000,1.000000000
53,1790406433854449000,RL_calflower1,1790406433785085997,1790406433862639847,0.894385037,69.363003,8.190847,77.553850,0,0.139586922,0.483202553,0.864309666,-0.280441769,-0.113495014,0.874909557,-0.470799491,0.854164706,-0.983683977,-0.032377665,0.176967110,0.746554789,0.000000000,0.000000000,0.000000000,1.000000000
53,1790406433854449000,RL_foot,1790406433785085997,1790406433862639847,0.894385037,69.363003,8.190847,77.553850,0,0.557373937,0.483202553,0.675166648,-0.302155644,-0.335929140,0.874909558,-0.348833616,0.865767371,-0.759266716,-0.032377665,0.649973522,0.736033519,0.000000000,0.000000000,0.000000000,1.000000000
53,1790406433854449000,RR_hip,1790406433785085997,1790406433862639847,0.894385037,69.363003,8.190847,77.553850,0,0.177008989,0.576195751,0.797913961,-0.126048319,-0.133766697,0.817276965,-0.560504099,0.552882940,-0.975076451,-0.007520319,0.221741286,0.726759633,0.000000000,0.000000000,0.000000000,1.000000000
53,1790406433854449000,RR_thigh,1790406433785085997,1790406433862639847,0.894385037,69.363003,8.190847,77.553850,0,-0.539544303,0.576124708,0.613981010,-0.181069630,0.373701655,0.817330222,-0.438541210,0.474840440,-0.754479559,-0.007166961,-0.656284289,0.727477778,0.000000000,0.000000000,0.000000000,1.000000000
53,1790406433854449000,RR_calf,1790406433785085997,1790406433862639847,0.894385037,69.363003,8.190847,77.553850,0,0.640984687,0.576135290,0.507155965,-0.311705683,-0.457275949,0.817322336,-0.350546598,0.568065368,-0.616471836,-0.007215492,0.787343794,0.867067170,0.000000000,0.000000000,0.000000000,1.000000000
53,1790406433854449000,RR_calflower,1790406433785085997,1790406433862639847,0.894385037,69.363003,8.190847,77.553850,0,0.614836389,0.576135290,0.538558034,-0.373850952,-0.439184446,0.817322336,-0.372962778,0.610773253,-0.655052196,-0.007215492,0.755549069,0.738341972,0.000000000,0.000000000,0.000000000,1.000000000
53,1790406433854449000,RR_calflower1,1790406433785085997,1790406433862639847,0.894385037,69.363003,8.190847,77.553850,0,0.296661871,0.576135290,0.761616883,-0.401507433,-0.217327929,0.817322336,-0.533622322,0.630064199,-0.929924798,-0.007215492,0.367678726,0.714694283,0.000000000,0.000000000,0.000000000,1.000000000
53,1790406433854449000,RR_foot,1790406433785085997,1790406433862639847,0.894385037,69.363003,8.190847,77.553850,0,0.640984687,0.576135290,0.507155965,-0.419579294,-0.457275949,0.817322336,-0.350546598,0.642672146,-0.616471836,-0.007215492,0.787343794,0.699533035,0.000000000,0.000000000,0.000000000,1.000000000
54,1790406433918451000,FL_hip,1790406433862639847,1790406433922130626,0.938147961,55.811153,3.679626,59.490779,0,0.159345373,0.424831507,0.891138402,-0.007697299,-0.137225064,0.903440084,-0.406159222,0.562202860,-0.977639060,-0.057567211,0.202256585,0.353813781,0.000000000,0.000000000,0.000000000,1.000000000
54,1790406433918451000,FL_thigh,1790406433862639847,1790406433922130626,0.938147961,55.811153,3.679626,59.490779,0,0.172295700,0.424861137,0.888711210,0.032842996,-0.143331981,0.903414108,-0.404102597,0.648422215,-0.974561406,-0.057755878,0.216550607,0.348319347,0.000000000,0.000000000,0.000000000,1.000000000
54,1790406433918451000,FL_calf,1790406433862639847,1790406433922130626,0.938147961,55.811153,3.679626,59.490779,0,0.761643849,0.424510995,-0.489580915,-0.156313295,-0.322939456,0.903685863,0.281179632,0.734423098,0.561791124,-0.056054023,0.825377805,0.302226357,0.000000000,0.000000000,0.000000000,1.000000000
54,1790406433918451000,FL_calflower,1790406433862639847,1790406433922130626,0.938147961,55.811153,3.679626,59.490779,0,0.785160839,0.424510995,-0.450902740,-0.068817545,-0.336588990,0.903685863,0.264687985,0.686716086,0.519837335,-0.056054023,0.852424151,0.191703055,0.000000000,0.000000000,0.000000000,1.000000000
54,1790406433918451000,FL_calflower1,1790406433862639847,1790406433922130626,0.938147961,55.811153,3.679626,59.490779,0,0.904651174,0.424510995,-0.037377516,-0.058624698,-0.420780125,0.903685863,0.079347113,0.679569304,0.067461355,-0.056054023,0.996145950,0.152544830,0.000000000,0.000000000,0.000000000,1.000000000
54,1790406433918451000,FL_foot,1790406433862639847,1790406433922130626,0.938147961,55.811153,3.679626,59.490779,0,0.761643849,0.424510995,-0.489580915,-0.052213041,-0.322939456,0.903685863,0.281179632,0.675021191,0.561791124,-0.056054023,0.825377805,0.127044045,0.000000000,0.000000000,0.000000000,1.000000000
54,1790406433918451000,FR_hip,1790406433862639847,1790406433922130626,0.938147961,55.811153,3.679626,59.490779,0,0.159345373,0.508636256,0.846107925,-0.057269903,-0.137225064,0.860149804,-0.491234784,0.483572013,-0.977639060,-0.037831497,0.206858618,0.356770888,0.000000000,0.000000000,0.000000000,1.000000000
54,1790406433918451000,FR_thigh,1790406433862639847,1790406433922130626,0.938147961,55.811153,3.679626,59.490779,0,0.459591310,0.508643111,0.728051112,-0.105837163,-0.308448497,0.860143928,-0.406216647,0.401441033,-0.832847708,-0.037872903,0.552204835,0.360383149,0.000000000,0.000000000,0.000000000,1.000000000
54,1790406433918451000,FR_calf,1790406433862639847,1790406433922130626,0.938147961,55.811153,3.679626,59.490779,0,0.760102110,0.508638038,-0.404391565,-0.260884597,-0.427964874,0.860148271,0.277472583,0.487946386,0.488969798,-0.037842384,0.871479393,0.242771609,0.000000000,0.000000000,0.000000000,1.000000000
54,1790406433918451000,FR_calflower,1790406433862639847,1790406433922130626,0.938147961,55.811153,3.679626,59.490779,0,0.779363335,0.508638038,-0.365896909,-0.185842041,-0.441297879,0.860148271,0.255736486,0.438324634,0.444802897,-0.037842384,0.894828575,0.123570127,0.000000000,0.000000000,0.000000000,1.000000000
54,1790406433918451000,FR_calflower1,1790406433862639847,1790406433922130626,0.938147961,55.811153,3.679626,59.490779,0,0.860254894,0.508638038,0.035345058,-0.179000060,-0.509522761,0.860148271,0.023054794,0.432507774,-0.018675290,-0.037842384,0.999109118,0.083328998,0.000000000,0.000000000,0.000000000,1.000000000
54,1790406433918451000,FR_foot,1790406433862639847,1790406433922130626,0.938147961,55.811153,3.679626,59.490779,0,0.760102110,0.508638038,-0.404391565,-0.174759030,-0.427964874,0.860148271,0.277472583,0.428847572,0.488969798,-0.037842384,0.871479393,0.057144649,0.000000000,0.000000000,0.000000000,1.000000000
54,1790406433918451000,RL_hip,1790406433862639847,1790406433922130626,0.938147961,55.811153,3.679626,59.490779,0,0.159345373,0.523194638,0.837183870,-0.069332089,-0.137225064,0.851524628,-0.506038641,0.615281515,-0.977639060,-0.034247965,0.207482015,0.731964570,0.000000000,0.000000000,0.000000000,1.000000000
54,1790406433918451000,RL_thigh,1790406433862639847,1790406433922130626,0.938147961,55.811153,3.679626,59.490779,0,-0.644977168,0.523189826,0.557025374,-0.019369195,0.369399503,0.851528798,-0.372078930,0.696598455,-0.668990971,-0.034217789,-0.742482367,0.728694045,0.000000000,0.000000000,0.000000000,1.000000000
54,1790406433918451000,RL_calf,1790406433862639847,1790406433922130626,0.938147961,55.811153,3.679626,59.490779,0,0.546894247,0.523198140,0.653583046,-0.138011834,-0.366322826,0.851521625,-0.375124681,0.775842333,-0.752804304,-0.034269130,0.657351617,0.886840648,0.000000000,0.000000000,0.000000000,1.000000000
54,1790406433918451000,RL_calflower,1790406433862639847,1790406433922130626,0.938147961,55.811153,3.679626,59.490779,0,0.513545234,0.523198140,0.680099557,-0.223799778,-0.347116598,0.851521625,-0.392964383,0.824029521,-0.784717382,-0.034269130,0.618905565,0.774498893,0.000000000,0.000000000,0.000000000,1.000000000
54,1790406433918451000,RL_calflower1,1790406433862639847,1790406433922130626,0.938147961,55.811153,3.679626,59.490779,0,0.141456202,0.523198141,0.840389349,-0.256137443,-0.126427891,0.851521625,-0.508848629,0.843218013,-0.981838035,-0.034269130,0.186599948,0.757590405,0.000000000,0.000000000,0.000000000,1.000000000
54,1790406433918451000,RL_foot,1790406433862639847,1790406433922130626,0.938147961,55.811153,3.679626,59.490779,0,0.546894247,0.523198140,0.653583046,-0.277217635,-0.366322826,0.851521625,-0.375124681,0.855737023,-0.752804304,-0.034269130,0.657351617,0.746828046,0.000000000,0.000000000,0.000000000,1.000000000
54,1790406433918451000,RR_hip,1790406433862639847,1790406433922130626,0.938147961,55.811153,3.679626,59.490779,0,0.159345373,0.595418326,0.787455699,-0.118904693,-0.137225064,0.803262226,-0.579602532,0.536650668,-0.977639060,-0.015701940,0.209702549,0.734921677,0.000000000,0.000000000,0.000000000,1.000000000
54,1790406433918451000,RR_thigh,1790406433862639847,1790406433922130626,0.938147961,55.811153,3.679626,59.490779,0,-0.523489296,0.595419742,0.609454426,-0.175766248,0.373056109,0.803261008,-0.464328449,0.459940351,-0.766021189,-0.015710539,-0.642623185,0.736421186,0.000000000,0.000000000,0.000000000,1.000000000
54,1790406433918451000,RR_calf,1790406433862639847,1790406433922130626,0.938147961,55.811153,3.679626,59.490779,0,0.629460706,0.595418572,0.499255800,-0.305576898,-0.478555820,0.803262014,-0.354618782,0.558841847,-0.612179506,-0.015703442,0.790562772,0.873299666,0.000000000,0.000000000,0.000000000,1.000000000
54,1790406433918451000,RR_calflower,1790406433862639847,1790406433922130626,0.938147961,55.811153,3.679626,59.490779,0,0.603721653,0.595418572,0.530091784,-0.366876371,-0.460234197,0.803262014,-0.378093423,0.601753252,-0.650926112,-0.015703443,0.758978551,0.744053142,0.000000000,0.000000000,0.000000000,1.000000000
54,1790406433918451000,RR_calflower1,1790406433862639847,1790406433922130626,0.938147961,55.811153,3.679626,59.490779,0,0.290712695,0.595418572,0.748974808,-0.394116793,-0.233629727,0.803262014,-0.547893515,0.621478962,-0.927848646,-0.015703443,0.372625998,0.720203391,0.000000000,0.000000000,0.000000000,1.000000000
54,1790406433918451000,RR_foot,1790406433862639847,1790406433922130626,0.938147961,55.811153,3.679626,59.490779,0,0.629460706,0.595418572,0.499255800,-0.411916442,-0.478555820,0.803262014,-0.354618782,0.634373980,-0.612179506,-0.015703442,0.790562772,0.704910367,0.000000000,0.000000000,0.000000000,1.000000000
55,1790406433986449000,FL_hip,1790406433954212519,1790406434030202427,0.424220556,32.236481,43.753427,75.989908,0,0.162078655,0.425120526,0.890507423,0.000297486,-0.141992431,0.903095158,-0.405286670,0.569569961,-0.976508298,-0.060757272,0.206736409,0.340708494,0.000000000,0.000000000,0.000000000,1.000000000
55,1790406433986449000,FL_thigh,1790406433954212519,1790406434030202427,0.424220556,32.236481,43.753427,75.989908,0,0.323636856,0.425427316,0.845145672,0.040877626,-0.216455935,0.902819026,-0.371570498,0.655775776,-0.921089499,-0.062683165,0.384271780,0.334908825,0.000000000,0.000000000,0.000000000,1.000000000
55,1790406433986449000,FL_calf,1790406433954212519,1790406434030202427,0.424220556,32.236481,43.753427,75.989908,0,0.676346550,0.425163495,-0.601491287,-0.137594779,-0.272180494,0.903057379,0.332272701,0.734142100,0.684451253,-0.061017576,0.726500642,0.253789638,0.000000000,0.000000000,0.000000000,1.000000000
55,1790406433986449000,FL_calflower,1790406433954212519,1790406434030202427,0.424220556,32.236481,43.753427,75.989908,0,0.705563328,0.425163495,-0.566936341,-0.035114854,-0.288447053,0.903057379,0.318254092,0.679520557,0.647285969,-0.061017576,0.759801010,0.159963834,0.000000000,0.000000000,0.000000000,1.000000000
55,1790406433986449000,FL_calflower1,1790406433954212519,1790406434030202427,0.424220556,32.236481,43.753427,75.989908,0,0.887630486,0.425163495,-0.177055204,-0.019504256,-0.402814184,0.903057379,0.149090921,0.669668758,0.223279084,-0.061017575,0.972842819,0.123104247,0.000000000,0.000000000,0.000000000,1.000000000
55,1790406433986449000,FL_foot,1790406433954212519,1790406434030202427,0.424220556,32.236481,43.753427,75.989908,0,0.676346550,0.425163495,-0.601491287,-0.009563244,-0.272180494,0.903057379,0.332272701,0.663356299,0.684451253,-0.061017576,0.726500642,0.099061069,0.000000000,0.000000000,0.000000000,1.000000000
55,1790406433986449000,FR_hip,1790406433954212519,1790406434030202427,0.424220556,32.236481,43.753427,75.989908,0,0.162078655,0.508170261,0.845868736,-0.048122239,-0.141992431,0.860291960,-0.489628321,0.490245983,-0.976508298,-0.040748927,0.211591384,0.344206289,0.000000000,0.000000000,0.000000000,1.000000000
55,1790406433986449000,FR_thigh,1790406433954212519,1790406434030202427,0.424220556,32.236481,43.753427,75.989908,0,0.451770773,0.508179986,0.733250771,-0.096651269,-0.306606663,0.860283451,-0.407314054,0.408090186,-0.837792017,-0.040807255,0.544462257,0.348097712,0.000000000,0.000000000,0.000000000,1.000000000
55,1790406433986449000,FR_calf,1790406433954212519,1790406434030202427,0.424220556,32.236481,43.753427,75.989908,0,0.764259212,0.508179536,-0.397066542,-0.252809676,-0.428600492,0.860283844,0.276067611,0.494829542,0.481881834,-0.040804568,0.875285514,0.232144780,0.000000000,0.000000000,0.000000000,1.000000000
55,1790406433986449000,FR_calflower,1790406433954212519,1790406434030202427,0.424220556,32.236481,43.753427,75.989908,0,0.783149143,0.508179536,-0.358373271,-0.178773358,-0.441862483,0.860283844,0.254301501,0.445399912,0.437533564,-0.040804568,0.898275689,0.112255518,0.000000000,0.000000000,0.000000000,1.000000000
55,1790406433986449000,FR_calflower1,1790406433954212519,1790406434030202427,0.424220556,32.236481,43.753427,75.989908,0,0.860138627,0.508179536,0.043766693,-0.172271929,-0.509360917,0.860283844,0.021521248,0.439645183,-0.026714957,-0.040804568,0.998809863,0.071954415,0.000000000,0.000000000,0.000000000,1.000000000
55,1790406433986449000,FR_foot,1790406433954212519,1790406434030202427,0.424220556,32.236481,43.753427,75.989908,0,0.764259212,0.508179536,-0.397066542,-0.168252503,-0.428600492,0.860283844,0.276067611,0.436025376,0.481881834,-0.040804568,0.875285514,0.045733006,0.000000000,0.000000000,0.000000000,1.000000000
55,1790406433986449000,RL_hip,1790406433954212519,1790406434030202427,0.424220556,32.236481,43.753427,75.989908,0,0.162078655,0.491448487,0.855692302,-0.062394537,-0.141992431,0.869748342,-0.472626673,0.624492633,-0.976508298,-0.044899405,0.210749691,0.718421903,0.000000000,0.000000000,0.000000000,1.000000000
55,1790406433986449000,RL_thigh,1790406433954212519,1790406434030202427,0.424220556,32.236481,43.753427,75.989908,0,-0.639206783,0.491399293,0.591558827,-0.015478870,0.325397269,0.869791474,-0.370916983,0.707522138,-0.696801066,-0.044601295,-0.715876277,0.714135653,0.000000000,0.000000000,0.000000000,1.000000000
55,1790406433986449000,RL_calf,1790406433954212519,1790406434030202427,0.424220556,32.236481,43.753427,75.989908,0,0.588844954,0.491382628,0.641720464,-0.141439808,-0.369435815,0.869806102,-0.327039023,0.786439948,-0.718873349,-0.044499515,0.693715177,0.866591346,0.000000000,0.000000000,0.000000000,1.000000000
55,1790406433986449000,RL_calflower,1790406433954212519,1790406434030202427,0.424220556,32.236481,43.753427,75.989908,0,0.556036396,0.491382628,0.670348462,-0.224544428,-0.352628978,0.869806102,-0.345094405,0.827448678,-0.752646253,-0.044499515,0.656919521,0.749603286,0.000000000,0.000000000,0.000000000,1.000000000
55,1790406433986449000,RL_calflower1,1790406433954212519,1790406434030202427,0.424220556,32.236481,43.753427,75.989908,0,0.183648500,0.491382628,0.851361711,-0.256889332,-0.153422704,0.869806102,-0.468933704,0.844767893,-0.970945159,-0.044499515,0.235127913,0.730864264,0.000000000,0.000000000,0.000000000,1.000000000
55,1790406433986449000,RL_foot,1790406433954212519,1790406434030202427,0.424220556,32.236481,43.753427,75.989908,0,0.588844954,0.491382628,0.641720464,-0.277984653,-0.369435815,0.869806102,-0.327039023,0.856076912,-0.718873349,-0.044499515,0.693715177,0.718907814,0.000000000,0.000000000,0.000000000,1.000000000
55,1790406433986449000,RR_hip,1790406433954212519,1790406434030202427,0.424220556,32.236481,43.753427,75.989908,0,0.162078655,0.568478991,0.806574590,-0.110814262,-0.141992431,0.822311081,-0.551037781,0.545168655,-0.976508298,-0.025216286,0.213998897,0.721919698,0.000000000,0.000000000,0.000000000,1.000000000
55,1790406433986449000,RR_thigh,1790406433954212519,1790406434030202427,0.424220556,32.236481,43.753427,75.989908,0,-0.564619253,0.568527984,0.598315513,-0.165082156,0.367458153,0.822268150,-0.434568286,0.466669747,-0.739039922,-0.025509969,-0.673178342,0.724326856,0.000000000,0.000000000,0.000000000,1.000000000
55,1790406433986449000,RR_calf,1790406433954212519,1790406434030202427,0.424220556,32.236481,43.753427,75.989908,0,0.598046241,0.568636426,0.564795300,-0.292425179,-0.435033070,0.822173064,-0.367120798,0.559228179,-0.673117412,-0.026149682,0.739073061,0.867690969,0.000000000,0.000000000,0.000000000,1.000000000
55,1790406433986449000,RR_calflower,1790406433954212519,1790406434030202427,0.424220556,32.236481,43.753427,75.989908,0,0.569070839,0.568636426,0.593979307,-0.363908658,-0.416140999,0.822173064,-0.388404584,0.604653961,-0.709214448,-0.026149681,0.704507563,0.745134333,0.000000000,0.000000000,0.000000000,1.000000000
55,1790406433986449000,RR_calflower1,1790406433954212519,1790406434030202427,0.424220556,32.236481,43.753427,75.989908,0,0.230475670,0.568636426,0.789641693,-0.393285589,-0.189757805,0.822173064,-0.536678142,0.624288414,-0.954396536,-0.026149681,0.297394169,0.724097044,0.000000000,0.000000000,0.000000000,1.000000000
55,1790406433986449000,RR_foot,1790406433954212519,1790406434030202427,0.424220556,32.236481,43.753427,75.989908,0,0.598046241,0.568636426,0.564795300,-0.412460588,-0.435033070,0.822173064,-0.367120798,0.637113327,-0.673117412,-0.026149682,0.739073061,0.710640371,0.000000000,0.000000000,0.000000000,1.000000000
56,1790406434518450000,FL_hip,1790406434160612300,1790406434720118037,0.639560377,357.837700,201.668037,559.505737,1,0.157605797,0.455044750,0.876410354,0.051120525,-0.156767446,0.887776455,-0.432755042,0.564413059,-0.974979065,-0.069188178,0.211254996,0.331146376,0.000000000,0.000000000,0.000000000,1.000000000
56,1790406434518450000,FL_thigh,1790406434160612300,1790406434720118037,0.639560377,357.837700,201.668037,559.505737,1,0.422736392,0.454832107,0.783850826,0.094558494,-0.282279563,0.887992412,-0.363025780,0.649158511,-0.861169037,-0.067801129,0.503776490,0.324541846,0.000000000,0.000000000,0.000000000,1.000000000
56,1790406434518450000,FL_calf,1790406434160612300,1790406434720118037,0.639560377,357.837700,201.668037,559.505737,1,0.793528490,0.454829841,-0.404280560,-0.071517321,-0.369537747,0.887994766,0.273691691,0.726190847,0.483482150,-0.067785496,0.872725611,0.217756046,0.000000000,0.000000000,0.000000000,1.000000000
56,1790406434518450000,FL_calflower,1790406434160612300,1790406434720118037,0.639560377,357.837700,201.668037,559.505737,1,0.812742393,0.454829841,-0.364115419,0.003882187,-0.382754805,0.887994766,0.254880458,0.678705074,0.439259823,-0.067785496,0.895798967,0.098796419,0.000000000,0.000000000,0.000000000,1.000000000
56,1790406434518450000,FL_calflower1,1790406434160612300,1790406434720118037,0.639560377,357.837700,201.668037,559.505737,1,0.889039294,0.454829841,0.052338983,0.010312151,-0.457200056,0.887994766,0.049329475,0.672421706,-0.024040076,-0.067785496,0.997410174,0.058755755,0.000000000,0.000000000,0.000000000,1.000000000
56,1790406434518450000,FL_foot,1790406434160612300,1790406434720118037,0.639560377,357.837700,201.668037,559.505737,1,0.793528490,0.454829841,-0.404280560,0.014279012,-0.369537747,0.887994766,0.273691691,0.668444403,0.483482150,-0.067785496,0.872725611,0.032703201,0.000000000,0.000000000,0.000000000,1.000000000
56,1790406434518450000,FR_hip,1790406434160612300,1790406434720118037,0.639560377,357.837700,201.668037,559.505737,1,0.157605797,0.661528818,0.733171505,0.002526884,-0.156767446,0.749795811,-0.642829839,0.485268047,-0.974979065,-0.013623955,0.221878492,0.336016990,0.000000000,0.000000000,0.000000000,1.000000000
56,1790406434518450000,FR_thigh,1790406434160612300,1790406434720118037,0.639560377,357.837700,201.668037,559.505737,1,0.286841699,0.661334478,0.693079338,-0.060515551,-0.268143798,0.749988416,-0.604662114,0.413817766,-0.919685036,-0.012402859,0.392460772,0.337314711,0.000000000,0.000000000,0.000000000,1.000000000
56,1790406434518450000,FR_calf,1790406434160612300,1790406434720118037,0.639560377,357.837700,201.668037,559.505737,1,0.561467978,0.661972727,-0.496534226,-0.207667434,-0.481374807,0.749350925,0.454699328,0.542272804,0.673076901,-0.016280284,0.739393192,0.253879409,0.000000000,0.000000000,0.000000000,1.000000000
56,1790406434518450000,FR_calflower,1790406434160612300,1790406434720118037,0.639560377,357.837700,201.668037,559.505737,1,0.585582657,0.661972727,-0.467851985,-0.123596061,-0.503498708,0.749350925,0.430072359,0.465477756,0.635281473,-0.016280284,0.772108967,0.158211703,0.000000000,0.000000000,0.000000000,1.000000000
56,1790406434518450000,FR_calflower1,1790406434160612300,1790406434720118037,0.639560377,357.837700,201.668037,559.505737,1,0.735453148,0.661972728,-0.144572459,-0.110865474,-0.645199257,0.749350925,0.148966781,0.453277681,0.206947599,-0.016280284,0.978216488,0.121102220,0.000000000,0.000000000,0.000000000,1.000000000
56,1790406434518450000,FR_foot,1790406434160612300,1790406434720118037,0.639560377,357.837700,201.668037,559.505737,1,0.561467978,0.661972727,-0.496534226,-0.102760404,-0.481374807,0.749350925,0.454699328,0.445495837,0.673076901,-0.016280284,0.739393192,0.096900682,0.000000000,0.000000000,0.000000000,1.000000000
56,1790406434518450000,RL_hip,1790406434160612300,1790406434720118037,0.639560377,357.837700,201.668037,559.505737,1,0.157605797,0.493518844,0.855336182,-0.009841398,-0.156767446,0.867680997,-0.471755919,0.625050707,-0.974979065,-0.059737666,0.214119333,0.708268278,0.000000000,0.000000000,0.000000000,1.000000000
56,1790406434518450000,RL_thigh,1790406434160612300,1790406434720118037,0.639560377,357.837700,201.668037,559.505737,1,-0.589860877,0.493444806,0.639200116,0.037258075,0.283782278,0.867754938,-0.408006100,0.707857812,-0.755997427,-0.059273436,-0.651885269,0.702567300,0.000000000,0.000000000,0.000000000,1.000000000
56,1790406434518450000,RL_calf,1790406434160612300,1790406434720118037,0.639560377,357.837700,201.668037,559.505737,1,0.574678256,0.493455750,0.652875750,-0.098809888,-0.376492066,0.867743971,-0.324459731,0.794623322,-0.726635194,-0.059342853,0.684455678,0.841396226,0.000000000,0.000000000,0.000000000,1.000000000
56,1790406434518450000,RL_calflower,1790406434160612300,1790406434720118037,0.639560377,357.837700,201.668037,559.505737,1,0.541329871,0.493455749,0.680781767,-0.183835209,-0.359805321,0.867743971,-0.342871001,0.835100378,-0.759935615,-0.059342852,0.647283664,0.725606455,0.000000000,0.000000000,0.000000000,1.000000000
56,1790406434518450000,RL_calflower1,1790406434160612300,1790406434720118037,0.639560377,357.837700,201.668037,559.505737,1,0.165786004,0.493455750,0.853824832,-0.216446589,-0.160814805,0.867743971,-0.470275442,0.852400147,-0.972961149,-0.059342852,0.223214881,0.707324391,0.000000000,0.000000000,0.000000000,1.000000000
56,1790406434518450000,RL_foot,1790406434160612300,1790406434720118037,0.639560377,357.837700,201.668037,559.505737,1,0.574678256,0.493455750,0.652875750,-0.237710945,-0.376492066,0.867743971,-0.324459731,0.863698338,-0.726635194,-0.059342853,0.684455678,0.695665875,0.000000000,0.000000000,0.000000000,1.000000000
56,1790406434518450000,RR_hip,1790406434160612300,1790406434720118037,0.639560377,357.837700,201.668037,559.505737,1,0.157605797,0.562112779,0.811905201,-0.058435039,-0.156767446,0.825996018,-0.541437474,0.545905695,-0.974979065,-0.041946877,0.218302856,0.713138892,0.000000000,0.000000000,0.000000000,1.000000000
56,1790406434518450000,RR_thigh,1790406434160612300,1790406434720118037,0.639560377,357.837700,201.668037,559.505737,1,-0.553604183,0.562111632,0.614453693,-0.112116726,0.338099036,0.825997157,-0.451018548,0.467023197,-0.761059671,-0.041939810,-0.647324559,0.717144813,0.000000000,0.000000000,0.000000000,1.000000000
56,1790406434518450000,RR_calf,1790406434160612300,1790406434720118037,0.639560377,357.837700,201.668037,559.505737,1,0.540688419,0.562111715,0.625848922,-0.242991458,-0.405378561,0.825997075,-0.391659350,0.563085760,-0.737105354,-0.041940317,0.674475026,0.855020347,0.000000000,0.000000000,0.000000000,1.000000000
56,1790406434518450000,RR_calflower,1790406434160612300,1790406434720118037,0.639560377,357.837700,201.668037,559.505737,1,0.508733290,0.562111715,0.652089932,-0.324800440,-0.385297134,0.825997075,-0.411430361,0.612942714,-0.769893866,-0.041940317,0.636792195,0.740459299,0.000000000,0.000000000,0.000000000,1.000000000
56,1790406434518450000,RR_calflower1,1790406434160612300,1790406434720118037,0.639560377,357.837700,201.668037,559.505737,1,0.150122294,0.562111715,0.813322898,-0.355970373,-0.151766628,0.825997075,-0.542858835,0.633252322,-0.976949325,-0.041940317,0.209310489,0.722687080,0.000000000,0.000000000,0.000000000,1.000000000
56,1790406434518450000,RR_foot,1790406434160612300,1790406434720118037,0.639560377,357.837700,201.668037,559.505737,1,0.540688419,0.562111715,0.625848922,-0.376292741,-0.405378561,0.825997075,-0.391659350,0.646507186,-0.737105354,-0.041940317,0.674475026,0.711361397,0.000000000,0.000000000,0.000000000,1.000000000
57,1790406434586447000,FL_hip,1790406434160612300,1790406434720118037,0.761090855,425.834700,133.671037,559.505737,1,0.160337735,0.490545465,0.856538002,0.062424468,-0.165617392,0.868832345,-0.466584671,0.595341619,-0.973068593,-0.067046729,0.220549554,0.308742451,0.000000000,0.000000000,0.000000000,1.000000000
57,1790406434586447000,FL_thigh,1790406434160612300,1790406434720118037,0.761090855,425.834700,133.671037,559.505737,1,0.400392937,0.490382320,0.774087248,0.109255695,-0.291865376,0.869008144,-0.399549080,0.678286309,-0.868619595,-0.065952904,0.491070331,0.302341776,0.000000000,0.000000000,0.000000000,1.000000000
57,1790406434586447000,FL_calf,1790406434160612300,1790406434720118037,0.761090855,425.834700,133.671037,559.505737,1,0.783349150,0.490380672,-0.381957192,-0.054936495,-0.406351313,0.869010011,0.282312292,0.763135164,0.470365110,-0.065940556,0.880004751,0.198153721,0.000000000,0.000000000,0.000000000,1.000000000
57,1790406434586447000,FL_calflower,1790406434160612300,1790406434720118037,0.761090855,425.834700,133.671037,559.505737,1,0.801460071,0.490380672,-0.342328705,0.017030987,-0.419953213,0.869010011,0.261650374,0.713558513,0.425795370,-0.065940556,0.902413432,0.077741411,0.000000000,0.000000000,0.000000000,1.000000000
57,1790406434586447000,FL_calflower1,1790406434160612300,1790406434720118037,0.761090855,425.834700,133.671037,559.505737,1,0.868971281,0.490380672,0.066453747,0.022705996,-0.493321062,0.869010011,0.038156905,0.707358630,-0.039037399,-0.065940556,0.997059567,0.037531981,0.000000000,0.000000000,0.000000000,1.000000000
57,1790406434586447000,FL_foot,1790406434160612300,1790406434720118037,0.761090855,425.834700,133.671037,559.505737,1,0.783349150,0.490380672,-0.381957192,0.026186222,-0.406351313,0.869010011,0.282312292,0.703444655,0.470365110,-0.065940556,0.880004751,0.011373283,0.000000000,0.000000000,0.000000000,1.000000000
57,1790406434586447000,FR_hip,1790406434160612300,1790406434720118037,0.761090855,425.834700,133.671037,559.505737,1,0.160337735,0.697245247,0.698671073,0.011253950,-0.165617392,0.716797216,-0.677327580,0.517830906,-0.973068593,-0.007111148,0.230405732,0.313503249,0.000000000,0.000000000,0.000000000,1.000000000
57,1790406434586447000,FR_thigh,1790406434160612300,1790406434720118037,0.761090855,425.834700,133.671037,559.505737,1,0.276847061,0.697091442,0.661377061,-0.055223049,-0.277067780,0.716955688,-0.639693681,0.449495128,-0.920102694,-0.006149196,0.391628748,0.314180331,0.000000000,0.000000000,0.000000000,1.000000000
57,1790406434586447000,FR_calf,1790406434160612300,1790406434720118037,0.761090855,425.834700,133.671037,559.505737,1,0.519652094,0.697611515,-0.493254768,-0.195733669,-0.497089825,0.716417000,0.489538974,0.585469457,0.694884091,-0.009198263,0.719062826,0.230891355,0.000000000,0.000000000,0.000000000,1.000000000
57,1790406434586447000,FR_calflower,1790406434160612300,1790406434720118037,0.761090855,425.834700,133.671037,559.505737,1,0.543655128,0.697611515,-0.466666548,-0.112846843,-0.520935344,0.716417000,0.464083041,0.503197714,0.658077504,-0.009198263,0.752893915,0.138596972,0.000000000,0.000000000,0.000000000,1.000000000
57,1790406434586447000,FR_calflower1,1790406434160612300,1790406434720118037,0.761090855,425.834700,133.671037,559.505737,1,0.697716232,0.697611515,-0.162882242,-0.099719730,-0.676370889,0.716417000,0.171082208,0.489822966,0.236040674,-0.009198263,0.971699567,0.101999867,0.000000000,0.000000000,0.000000000,1.000000000
57,1790406434586447000,FR_foot,1790406434160612300,1790406434720118037,0.761090855,425.834700,133.671037,559.505737,1,0.519652094,0.697611515,-0.493254768,-0.091347560,-0.497089825,0.716417000,0.489538974,0.481284470,0.694884091,-0.009198263,0.719062826,0.078124581,0.000000000,0.000000000,0.000000000,1.000000000
57,1790406434586447000,RL_hip,1790406434160612300,1790406434720118037,0.761090855,425.834700,133.671037,559.505737,1,0.160337735,0.529632242,0.832935706,0.000405832,-0.165617392,0.846324991,-0.506265651,0.659402426,-0.973068593,-0.056775416,0.223414238,0.685125383,0.000000000,0.000000000,0.000000000,1.000000000
57,1790406434586447000,RL_thigh,1790406434160612300,1790406434720118037,0.761090855,425.834700,133.671037,559.505737,1,-0.574411571,0.529573487,0.624182393,0.050959217,0.308879987,0.846386205,-0.433847399,0.740182873,-0.758053332,-0.056409781,-0.649748366,0.679706384,0.000000000,0.000000000,0.000000000,1.000000000
57,1790406434586447000,RL_calf,1790406434160612300,1790406434720118037,0.761090855,425.834700,133.671037,559.505737,1,0.561966230,0.529582087,0.635403148,-0.081931063,-0.399928420,0.846377176,-0.351714307,0.832479846,-0.724051993,-0.056464478,0.687430236,0.818085602,0.000000000,0.000000000,0.000000000,1.000000000
57,1790406434586447000,RL_calflower,1790406434160612300,1790406434720118037,0.761090855,425.834700,133.671037,559.505737,1,0.529506997,0.529582087,0.662695665,-0.164647881,-0.381850224,0.846377177,-0.371262846,0.876521729,-0.757504309,-0.056464478,0.650383611,0.701898930,0.000000000,0.000000000,0.000000000,1.000000000
57,1790406434586447000,RL_calflower1,1790406434160612300,1790406434720118037,0.761090855,425.834700,133.671037,559.505737,1,0.163650960,0.529582087,0.832322995,-0.196425039,-0.167257759,0.846377176,-0.505638741,0.895179489,-0.972236084,-0.056464477,0.227087245,0.683466668,0.000000000,0.000000000,0.000000000,1.000000000
57,1790406434586447000,RL_foot,1790406434160612300,1790406434720118037,0.761090855,425.834700,133.671037,559.505737,1,0.561966230,0.529582087,0.635403148,-0.217145952,-0.399928420,0.846377176,-0.351714307,0.907363070,-0.724051993,-0.056464478,0.687430236,0.671710235,0.000000000,0.000000000,0.000000000,1.000000000
57,1790406434586447000,RR_hip,1790406434160612300,1790406434720118037,0.761090855,425.834700,133.671037,559.505737,1,0.160337735,0.588550914,0.792401429,-0.050764686,-0.165617392,0.807447431,-0.566215105,0.581891713,-0.973068593,-0.040450067,0.226938674,0.689886181,0.000000000,0.000000000,0.000000000,1.000000000
57,1790406434586447000,RR_thigh,1790406434160612300,1790406434720118037,0.761090855,425.834700,133.671037,559.505737,1,-0.535120266,0.588549990,0.606016172,-0.106971229,0.351574292,0.807448382,-0.473732674,0.504780577,-0.768142036,-0.040444505,-0.639000713,0.693749157,0.000000000,0.000000000,0.000000000,1.000000000
57,1790406434586447000,RR_calf,1790406434160612300,1790406434720118037,0.761090855,425.834700,133.671037,559.505737,1,0.534528896,0.588550057,0.606537782,-0.236049676,-0.426175559,0.807448314,-0.407923562,0.605682063,-0.729831009,-0.040444904,0.682430044,0.829852724,0.000000000,0.000000000,0.000000000,1.000000000
57,1790406434586447000,RR_calflower,1790406434160612300,1790406434720118037,0.761090855,425.834700,133.671037,559.505737,1,0.503546620,0.588550057,0.632495078,-0.315124461,-0.405255270,0.807448314,-0.428713664,0.657530342,-0.763026197,-0.040444904,0.645100837,0.714259134,0.000000000,0.000000000,0.000000000,1.000000000
57,1790406434586447000,RR_calflower1,1790406434160612300,1790406434720118037,0.761090855,425.834700,133.671037,559.505737,1,0.154570239,0.588550057,0.793547266,-0.345458963,-0.161488325,0.807448314,-0.567405288,0.678730962,-0.974694495,-0.040444904,0.219851558,0.696085789,0.000000000,0.000000000,0.000000000,1.000000000
57,1790406434586447000,RR_foot,1790406434160612300,1790406434720118037,0.761090855,425.834700,133.671037,559.505737,1,0.534528896,0.588550057,0.606537782,-0.365238727,-0.426175559,0.807448314,-0.407923562,0.692568092,-0.729831009,-0.040444904,0.682430044,0.684498499,0.000000000,0.000000000,0.000000000,1.000000000
58,1790406434654446000,FL_hip,1790406434160612300,1790406434720118037,0.882624909,493.833700,65.672037,559.505737,1,0.151867708,0.494144227,0.856012893,0.068455470,-0.172110198,0.866047866,-0.469403009,0.596633430,-0.973300610,-0.076041653,0.216572050,0.325193411,0.000000000,0.000000000,0.000000000,1.000000000
58,1790406434654446000,FL_thigh,1790406434160612300,1790406434720118037,0.882624909,493.833700,65.672037,559.505737,1,0.372953303,0.494061193,0.785372372,0.115637218,-0.289493136,0.866149818,-0.407404256,0.679324602,-0.881532442,-0.075417412,0.466060758,0.317932925,0.000000000,0.000000000,0.000000000,1.000000000
58,1790406434654446000,FL_calf,1790406434160612300,1790406434720118037,0.882624909,493.833700,65.672037,559.505737,1,0.794078727,0.494060417,-0.354039082,-0.051251356,-0.414222901,0.866150875,0.279646314,0.765956819,0.444813441,-0.075410357,0.892442796,0.218889698,0.000000000,0.000000000,0.000000000,1.000000000
58,1790406434654446000,FL_calflower,1790406434160612300,1790406434720118037,0.882624909,493.833700,65.672037,559.505737,1,0.810780914,0.494060417,-0.313909230,0.016901378,-0.427681721,0.866150875,0.258594312,0.716474926,0.399653990,-0.075410357,0.913558881,0.095945838,0.000000000,0.000000000,0.000000000,1.000000000
58,1790406434654446000,FL_calflower1,1790406434160612300,1790406434720118037,0.882624909,493.833700,65.672037,559.505737,1,0.864115300,0.494060417,0.095965848,0.021349255,-0.498764983,0.866150875,0.031877330,0.710446143,-0.067371406,-0.075410357,0.994873979,0.055489499,0.000000000,0.000000000,0.000000000,1.000000000
58,1790406434654446000,FL_foot,1790406434160612300,1790406434720118037,0.882624909,493.833700,65.672037,559.505737,1,0.794078727,0.494060417,-0.354039082,0.024031697,-0.414222901,0.866150875,0.279646314,0.706645088,0.444813441,-0.075410357,0.892442796,0.029177073,0.000000000,0.000000000,0.000000000,1.000000000
58,1790406434654446000,FR_hip,1790406434160612300,1790406434720118037,0.882624909,493.833700,65.672037,559.505737,1,0.151867708,0.706892494,0.690825299,0.017526180,-0.172110198,0.707167006,-0.685779058,0.519032863,-0.973300610,-0.014750616,0.229059392,0.330968975,0.000000000,0.000000000,0.000000000,1.000000000
58,1790406434654446000,FR_thigh,1790406434160612300,1790406434720118037,0.882624909,493.833700,65.672037,559.505737,1,0.260541958,0.706810943,0.657675125,-0.049919247,-0.278936380,0.707259742,-0.649598463,0.451565653,-0.924290105,-0.014202094,0.381426224,0.332375569,0.000000000,0.000000000,0.000000000,1.000000000
58,1790406434654446000,FR_calf,1790406434160612300,1790406434720118037,0.882624909,493.833700,65.672037,559.505737,1,0.506627558,0.707096922,-0.493297934,-0.189797124,-0.490761281,0.706936833,0.509307069,0.589770044,0.708859902,-0.015937701,0.705169123,0.251203133,0.000000000,0.000000000,0.000000000,1.000000000
58,1790406434654446000,FR_calflower,1790406434160612300,1790406434720118037,0.882624909,493.833700,65.672037,559.505737,1,0.530649027,0.707096922,-0.467360615,-0.106945252,-0.515602702,0.706936833,0.484142727,0.504648989,0.672730244,-0.015937701,0.739716075,0.161145986,0.000000000,0.000000000,0.000000000,1.000000000
58,1790406434654446000,FR_calflower1,1790406434160612300,1790406434720118037,0.882624909,493.833700,65.672037,559.505737,1,0.686500392,0.707096922,-0.169503823,-0.093615856,-0.680904008,0.706936833,0.191337550,0.490428249,0.255122833,-0.015937701,0.966777220,0.124886983,0.000000000,0.000000000,0.000000000,1.000000000
58,1790406434654446000,FR_foot,1790406434160612300,1790406434720118037,0.882624909,493.833700,65.672037,559.505737,1,0.506627558,0.707096922,-0.493297934,-0.085109621,-0.490761281,0.706936833,0.509307069,0.481340601,0.708859902,-0.015937701,0.705169123,0.101226936,0.000000000,0.000000000,0.000000000,1.000000000
58,1790406434654446000,RL_hip,1790406434160612300,1790406434720118037,0.882624909,493.833700,65.672037,559.505737,1,0.151867708,0.534730135,0.831264262,0.009713040,-0.172110198,0.842477196,-0.510500015,0.663205655,-0.973300610,-0.065540848,0.219977687,0.701666087,0.000000000,0.000000000,0.000000000,1.000000000
58,1790406434654446000,RL_thigh,1790406434160612300,1790406434720118037,0.882624909,493.833700,65.672037,559.505737,1,-0.582169526,0.534698868,0.612516250,0.060764676,0.311225461,0.842513231,-0.439670534,0.743637413,-0.751144273,-0.065332393,-0.656897117,0.695408969,0.000000000,0.000000000,0.000000000,1.000000000
58,1790406434654446000,RL_calf,1790406434160612300,1790406434720118037,0.882624909,493.833700,65.672037,559.505737,1,0.550203850,0.534703387,0.641380077,-0.069666922,-0.405809143,0.842507943,-0.354258826,0.837223051,-0.729790881,-0.065363588,0.680538562,0.835318254,0.000000000,0.000000000,0.000000000,1.000000000
58,1790406434654446000,RL_calflower,1790406434160612300,1790406434720118037,0.882624909,493.833700,65.672037,559.505737,1,0.517460595,0.534703387,0.668077250,-0.153539319,-0.387596425,0.842507943,-0.374098099,0.881529693,-0.762891585,-0.065363588,0.643213724,0.720021682,0.000000000,0.000000000,0.000000000,1.000000000
58,1790406434654446000,RL_calflower1,1790406434160612300,1790406434720118037,0.882624909,493.833700,65.672037,559.505737,1,0.150480759,0.534703387,0.831533656,-0.185422309,-0.171045350,0.842507943,-0.510807072,0.900363184,-0.973703665,-0.065363588,0.218239860,0.701926515,0.000000000,0.000000000,0.000000000,1.000000000
58,1790406434654446000,RL_foot,1790406434160612300,1790406434720118037,0.882624909,493.833700,65.672037,559.505737,1,0.550203850,0.534703387,0.641380077,-0.206208842,-0.405809143,0.842507943,-0.354258826,0.912662096,-0.729790881,-0.065363588,0.680538562,0.690389843,0.000000000,0.000000000,0.000000000,1.000000000
58,1790406434654446000,RR_hip,1790406434160612300,1790406434720118037,0.882624909,493.833700,65.672037,559.505737,1,0.151867708,0.585764539,0.796125929,-0.041216250,-0.172110198,0.808835034,-0.562284607,0.585605088,-0.973300610,-0.051628769,0.223652087,0.707441651,0.000000000,0.000000000,0.000000000,1.000000000
58,1790406434654446000,RR_thigh,1790406434160612300,1790406434720118037,0.882624909,493.833700,65.672037,559.505737,1,-0.541946002,0.585764039,0.602640368,-0.097156724,0.343525897,0.808835598,-0.477257733,0.508361396,-0.766997298,-0.051625600,-0.639570016,0.712372195,0.000000000,0.000000000,0.000000000,1.000000000
58,1790406434654446000,RR_calf,1790406434160612300,1790406434720118037,0.882624909,493.833700,65.672037,559.505737,1,0.530236292,0.585764075,0.612968445,-0.225517427,-0.430616994,0.808835558,-0.400442326,0.610015246,-0.730355072,-0.051625827,0.681113872,0.848598566,0.000000000,0.000000000,0.000000000,1.000000000
58,1790406434654446000,RR_calflower,1790406434160612300,1790406434720118037,0.882624909,493.833700,65.672037,559.505737,1,0.498937981,0.585764075,0.638703163,-0.305630746,-0.410065060,0.808835557,-0.421463757,0.660667874,-0.763483823,-0.051625827,0.643760117,0.733188129,0.000000000,0.000000000,0.000000000,1.000000000
58,1790406434654446000,RR_calflower1,1790406434160612300,1790406434720118037,0.882624909,493.833700,65.672037,559.505737,1,0.147615636,0.585764075,0.796925632,-0.336167812,-0.169102440,0.808835558,-0.563195718,0.681626805,-0.974481291,-0.051625827,0.218451024,0.715072805,0.000000000,0.000000000,0.000000000,1.000000000
58,1790406434654446000,RR_foot,1790406434160612300,1790406434720118037,0.882624909,493.833700,65.672037,559.505737,1,0.530236292,0.585764075,0.612968445,-0.356077694,-0.430616994,0.808835558,-0.400442326,0.695308518,-0.730355072,-0.051625827,0.681113872,0.703523224,0.000000000,0.000000000,0.000000000,1.000000000
59,1790406434718451000,FL_hip,1790406434160612300,1790406434720118037,0.997020518,557.838700,1.667037,559.505737,1,0.206963467,0.496798220,0.842827415,0.075535865,-0.198884668,0.864855222,-0.460945029,0.595105941,-0.957920043,-0.072226937,0.277799106,0.334112595,0.000000000,0.000000000,0.000000000,1.000000000
59,1790406434718451000,FL_thigh,1790406434160612300,1790406434720118037,0.997020518,557.838700,1.667037,559.505737,1,0.404884764,0.496794947,0.767635010,0.122979837,-0.304558571,0.864858578,-0.399078566,0.677699144,-0.862155601,-0.072209258,0.501471261,0.327214965,0.000000000,0.000000000,0.000000000,1.000000000
59,1790406434718451000,FL_calf,1790406434160612300,1790406434720118037,0.997020518,557.838700,1.667037,559.505737,1,0.777211348,0.496794915,-0.386183546,-0.040515388,-0.406334324,0.864858613,0.294808382,0.762698962,0.480453522,-0.072209058,0.874042418,0.220408766,0.000000000,0.000000000,0.000000000,1.000000000
59,1790406434718451000,FL_calflower,1790406434160612300,1790406434720118037,0.997020518,557.838700,1.667037,559.505737,1,0.795541169,0.496794915,-0.346856540,0.032180011,-0.420560790,0.864858613,0.274131697,0.710946237,0.436169166,-0.072209058,0.896962760,0.100666154,0.000000000,0.000000000,0.000000000,1.000000000
59,1790406434718451000,FL_calflower1,1790406434160612300,1790406434720118037,0.997020518,557.838700,1.667037,559.505737,1,0.865812105,0.496794915,0.059704355,0.038098719,-0.499623594,0.864858613,0.048947208,0.704187730,-0.027318888,-0.072209058,0.997015252,0.060428286,0.000000000,0.000000000,0.000000000,1.000000000
59,1790406434718451000,FL_foot,1790406434160612300,1790406434720118037,0.997020518,557.838700,1.667037,559.505737,1,0.777211348,0.496794915,-0.386183546,0.041737494,-0.406334324,0.864858613,0.294808382,0.699912274,0.480453522,-0.072209058,0.874042418,0.034248181,0.000000000,0.000000000,0.000000000,1.000000000
59,1790406434718451000,FR_hip,1790406434160612300,1790406434720118037,0.997020518,557.838700,1.667037,559.505737,1,0.206963467,0.711660063,0.671346763,0.024970200,-0.198884668,0.702479310,-0.683350345,0.517230304,-0.957920043,0.007907755,0.286926021,0.339356300,0.000000000,0.000000000,0.000000000,1.000000000
59,1790406434718451000,FR_thigh,1790406434160612300,1790406434720118037,0.997020518,557.838700,1.667037,559.505737,1,0.305706830,0.711656870,0.632525282,-0.042991540,-0.299505168,0.702482370,-0.645612236,0.450145463,-0.903791900,0.007923256,0.427898711,0.338601096,0.000000000,0.000000000,0.000000000,1.000000000
59,1790406434718451000,FR_calf,1790406434160612300,1790406434720118037,0.997020518,557.838700,1.667037,559.505737,1,0.449940013,0.711668015,-0.539521103,-0.177713598,-0.464381363,0.702471629,0.539336208,0.587656360,0.762826584,0.007874382,0.646555086,0.247461154,0.000000000,0.000000000,0.000000000,1.000000000
59,1790406434718451000,FR_calflower,1790406434160612300,1790406434720118037,0.997020518,557.838700,1.667037,559.505737,1,0.476342522,0.711668015,-0.516359214,-0.088874174,-0.490756583,0.702471629,0.515452783,0.498549109,0.729558964,0.007874382,0.683872499,0.167030697,0.000000000,0.000000000,0.000000000,1.000000000
59,1790406434718451000,FR_calflower1,1790406434160612300,1790406434720118037,0.997020518,557.838700,1.667037,559.505737,1,0.660957330,0.711668015,-0.238042945,-0.072985005,-0.673323959,0.702471629,0.230582831,0.482838292,0.331317018,0.007874383,0.943486571,0.132381744,0.000000000,0.000000000,0.000000000,1.000000000
59,1790406434718451000,FR_foot,1790406434160612300,1790406434720118037,0.997020518,557.838700,1.667037,559.505737,1,0.449940013,0.711668015,-0.539521103,-0.062807019,-0.464381363,0.702471629,0.539336208,0.472779423,0.762826584,0.007874382,0.646555086,0.109750627,0.000000000,0.000000000,0.000000000,1.000000000
59,1790406434718451000,RL_hip,1790406434160612300,1790406434720118037,0.997020518,557.838700,1.667037,559.505737,1,0.206963467,0.538160023,0.817037522,-0.004517604,-0.198884668,0.840823716,-0.503448460,0.672034530,-0.957920043,-0.058301059,0.281051704,0.704636068,0.000000000,0.000000000,0.000000000,1.000000000
59,1790406434718451000,RL_thigh,1790406434160612300,1790406434720118037,0.997020518,557.838700,1.667037,559.505737,1,-0.542262371,0.538158798,0.645241836,0.046876247,0.292458376,0.840824908,-0.455501436,0.752332483,-0.787667437,-0.058295170,-0.613336420,0.699068371,0.000000000,0.000000000,0.000000000,1.000000000
59,1790406434718451000,RL_calf,1790406434160612300,1790406434720118037,0.997020518,557.838700,1.667037,559.505737,1,0.587383792,0.538158976,0.604454793,-0.090559256,-0.423751791,0.840824734,-0.336820683,0.849352447,-0.689503271,-0.058296052,0.721932609,0.829708853,0.000000000,0.000000000,0.000000000,1.000000000
59,1790406434718451000,RL_calflower,1790406434160612300,1790406434720118037,0.997020518,557.838700,1.667037,559.505737,1,0.556439567,0.538158976,0.633056336,-0.168269551,-0.406388193,0.840824734,-0.357578507,0.890726682,-0.724723164,-0.058296052,0.686569581,0.709073384,0.000000000,0.000000000,0.000000000,1.000000000
59,1790406434718451000,RL_calflower1,1790406434160612300,1790406434720118037,0.997020518,557.838700,1.667037,559.505737,1,0.201226838,0.538158976,0.818469960,-0.199155785,-0.195341956,0.840824734,-0.504831926,0.909093527,-0.959869302,-0.058296052,0.274321667,0.688857988,0.000000000,0.000000000,0.000000000,1.000000000
59,1790406434718451000,RL_foot,1790406434160612300,1790406434720118037,0.997020518,557.838700,1.667037,559.505737,1,0.587383792,0.538158976,0.604454793,-0.219306103,-0.423751791,0.840824734,-0.336820683,0.921094769,-0.689503271,-0.058296052,0.721932609,0.675938087,0.000000000,0.000000000,0.000000000,1.000000000
59,1790406434718451000,RR_hip,1790406434160612300,1790406434720118037,0.997020518,557.838700,1.667037,559.505737,1,0.206963467,0.581082949,0.787089022,-0.055083269,-0.198884668,0.812697462,-0.547693080,0.594158893,-0.957920043,-0.043187734,0.283767323,0.709879773,0.000000000,0.000000000,0.000000000,1.000000000
59,1790406434718451000,RR_thigh,1790406434160612300,1790406434720118037,0.997020518,557.838700,1.667037,559.505737,1,-0.500154524,0.581082930,0.642019065,-0.110576690,0.314743825,0.812697481,-0.490366307,0.516546287,-0.806710693,-0.043187644,-0.589366243,0.714004201,0.000000000,0.000000000,0.000000000,1.000000000
59,1790406434718451000,RR_calf,1790406434160612300,1790406434720118037,0.997020518,557.838700,1.667037,559.505737,1,0.574444997,0.581082931,0.576503228,-0.247326698,-0.447164804,0.812697480,-0.373585908,0.620994251,-0.685606765,-0.043187651,0.726689805,0.839539157,0.000000000,0.000000000,0.000000000,1.000000000
59,1790406434718451000,RR_calflower,1790406434160612300,1790406434720118037,0.997020518,557.838700,1.667037,559.505737,1,0.544913938,0.581082931,0.604493033,-0.321160241,-0.427934451,0.812697479,-0.395467948,0.667341656,-0.721069288,-0.043187651,0.691515576,0.718276976,0.000000000,0.000000000,0.000000000,1.000000000
59,1790406434718451000,RR_calflower1,1790406434160612300,1790406434720118037,0.997020518,557.838700,1.667037,559.505737,1,0.204193601,0.581082931,0.787812160,-0.350789090,-0.196956822,0.812697480,-0.548389280,0.687439711,-0.958912290,-0.043187651,0.280396023,0.697827055,0.000000000,0.000000000,0.000000000,1.000000000
59,1790406434718451000,RR_foot,1790406434160612300,1790406434720118037,0.997020518,557.838700,1.667037,559.505737,1,0.574444997,0.581082931,0.576503228,-0.370121831,-0.447164804,0.812697480,-0.373585908,0.700568024,-0.685606765,-0.043187651,0.726689805,0.684754287,0.000000000,0.000000000,0.000000000,1.000000000
60,1790406434786454000,FL_hip,1790406434720118037,1790406434795910101,0.875236265,66.335963,9.456101,75.792064,0,0.281980143,0.603257238,0.746035034,0.091622577,-0.303477413,0.793746286,-0.527132068,0.549079398,-0.910158479,-0.077764238,0.406895861,0.362178306,0.000000000,0.000000000,0.000000000,1.000000000
60,1790406434786454000,FL_thigh,1790406434720118037,1790406434795910101,0.875236265,66.335963,9.456101,75.792064,0,0.360935905,0.602990399,0.711426889,0.149192180,-0.357458493,0.794038120,-0.491657212,0.624824463,-0.861364332,-0.076849074,0.502141098,0.354758216,0.000000000,0.000000000,0.000000000,1.000000000
60,1790406434786454000,FL_calf,1790406434720118037,1790406434795910101,0.875236265,66.335963,9.456101,75.792064,0,0.761314995,0.602742941,-0.238957724,-0.001999239,-0.543996499,0.794319168,0.270415962,0.729367594,0.352800254,-0.075879794,0.932616863,0.248010178,0.000000000,0.000000000,0.000000000,1.000000000
60,1790406434786454000,FL_calflower,1790406434720118037,1790406434795910101,0.875236265,66.335963,9.456101,75.792064,0,0.772306458,0.602742941,-0.200609198,0.048421089,-0.556831810,0.794319168,0.242889519,0.679025695,0.305747929,-0.075879793,0.949083999,0.117692526,0.000000000,0.000000000,0.000000000,1.000000000
60,1790406434786454000,FL_calflower1,1790406434720118037,1790406434795910101,0.875236265,66.335963,9.456101,75.792064,0,0.777669057,0.602742941,0.178695700,0.048759992,-0.606068310,0.794319168,-0.041691564,0.674975287,-0.167070366,-0.075879794,0.983020715,0.076890810,0.000000000,0.000000000,0.000000000,1.000000000
60,1790406434786454000,FL_foot,1790406434720118037,1790406434795910101,0.875236265,66.335963,9.456101,75.792064,0,0.761314995,0.602742941,-0.238957724,0.048790196,-0.543996499,0.794319168,0.270415962,0.672487415,0.352800254,-0.075879794,0.932616863,0.050378110,0.000000000,0.000000000,0.000000000,1.000000000
60,1790406434786454000,FR_hip,1790406434720118037,1790406434795910101,0.875236265,66.335963,9.456101,75.792064,0,0.281980143,0.701785573,0.654205301,0.038764796,-0.303477413,0.712106776,-0.633091875,0.473087731,-0.910158479,-0.020017392,0.413776295,0.371140410,0.000000000,0.000000000,0.000000000,1.000000000
60,1790406434786454000,FR_thigh,1790406434720118037,1790406434795910101,0.875236265,66.335963,9.456101,75.792064,0,0.468310417,0.701653524,0.536999118,-0.028248292,-0.481744014,0.712248030,-0.510514811,0.405088924,-0.740680723,-0.019616905,0.671570710,0.373051910,0.000000000,0.000000000,0.000000000,1.000000000
60,1790406434786454000,FR_calf,1790406434720118037,1790406434795910101,0.875236265,66.335963,9.456101,75.792064,0,0.539177533,0.701980373,-0.465307975,-0.142387941,-0.512209542,0.711894605,0.480465795,0.513623560,0.668527949,-0.020721374,0.743398266,0.230260939,0.000000000,0.000000000,0.000000000,1.000000000
60,1790406434786454000,FR_calflower,1790406434720118037,1790406434795910101,0.875236265,66.335963,9.456101,75.792064,0,0.561759408,0.701980373,-0.437778816,-0.063254034,-0.535582695,0.711894605,0.454265530,0.432663392,0.630538035,-0.020721374,0.775881683,0.134065366,0.000000000,0.000000000,0.000000000,1.000000000
60,1790406434786454000,FR_calflower1,1790406434720118037,1790406434795910101,0.875236265,66.335963,9.456101,75.792064,0,0.700434883,0.701980373,-0.128898791,-0.051455645,-0.684829494,0.711894605,0.155610283,0.419904809,0.200998032,-0.020721374,0.979372448,0.096912939,0.000000000,0.000000000,0.000000000,1.000000000
60,1790406434786454000,FR_foot,1790406434720118037,1790406434795910101,0.875236265,66.335963,9.456101,75.792064,0,0.539177533,0.701980373,-0.465307975,-0.043948764,-0.512209542,0.711894605,0.480465795,0.411769221,0.668527949,-0.020721374,0.743398266,0.072685000,0.000000000,0.000000000,0.000000000,1.000000000
60,1790406434786454000,RL_hip,1790406434720118037,1790406434795910101,0.875236265,66.335963,9.456101,75.792064,0,0.281980143,0.723403303,0.630218397,-0.017447342,-0.303477413,0.690398747,-0.656697003,0.666464461,-0.910158479,-0.006081723,0.414215561,0.714227606,0.000000000,0.000000000,0.000000000,1.000000000
60,1790406434786454000,RL_thigh,1790406434720118037,1790406434795910101,0.875236265,66.335963,9.456101,75.792064,0,-0.540652360,0.721880522,0.431953592,0.051399851,0.563619260,0.692017414,-0.451048947,0.732142134,-0.624523038,-0.000403504,-0.781006266,0.713658282,0.000000000,0.000000000,0.000000000,1.000000000
60,1790406434786454000,RL_calf,1790406434720118037,1790406434795910101,0.875236265,66.335963,9.456101,75.792064,0,0.307779387,0.721492260,0.620258926,-0.040121000,-0.318903170,0.692420928,-0.647189269,0.826121578,-0.896422009,0.001388788,0.443199310,0.878652813,0.000000000,0.000000000,0.000000000,1.000000000
60,1790406434786454000,RL_calflower,1790406434720118037,1790406434795910101,0.875236265,66.335963,9.456101,75.792064,0,0.276394718,0.721492260,0.634866322,-0.123717479,-0.286158643,0.692420928,-0.662318967,0.914280800,-0.917452448,0.001388788,0.397842999,0.796980025,0.000000000,0.000000000,0.000000000,1.000000000
60,1790406434786454000,RL_calflower1,1790406434720118037,1790406434795910101,0.875236265,66.335963,9.456101,75.792064,0,-0.048007335,0.721492261,0.690756529,-0.151292030,0.052023843,0.692420928,-0.719615663,0.943081367,-0.997491276,0.001388788,-0.070775715,0.790501019,0.000000000,0.000000000,0.000000000,1.000000000
60,1790406434786454000,RL_foot,1790406434720118037,1790406434795910101,0.875236265,66.335963,9.456101,75.792064,0,0.307779387,0.721492260,0.620258926,-0.169227034,-0.318903170,0.692420928,-0.647189269,0.961810536,-0.896422009,0.001388788,0.443199310,0.786525848,0.000000000,0.000000000,0.000000000,1.000000000
60,1790406434786454000,RR_hip,1790406434720118037,1790406434795910101,0.875236265,66.335963,9.456101,75.792064,0,0.281980143,0.692423811,0.664106041,-0.070305123,-0.303477413,0.721026092,-0.622914728,0.590472794,-0.910158479,-0.025891800,0.413450279,0.723189710,0.000000000,0.000000000,0.000000000,1.000000000
60,1790406434786454000,RR_thigh,1790406434720118037,1790406434795910101,0.875236265,66.335963,9.456101,75.792064,0,-0.465429133,0.691985485,0.551844343,-0.136359937,0.420078217,0.721499845,-0.550429096,0.521694479,-0.779044645,-0.024368151,-0.626494700,0.725658011,0.000000000,0.000000000,0.000000000,1.000000000
60,1790406434786454000,RR_calf,1790406434720118037,1790406434795910101,0.875236265,66.335963,9.456101,75.792064,0,0.460028469,0.691866915,0.556501885,-0.253712987,-0.466096949,0.721628814,-0.511864643,0.638349676,-0.755729654,-0.023911724,0.654447015,0.858859345,0.000000000,0.000000000,0.000000000,1.000000000
60,1790406434786454000,RR_calflower,1790406434720118037,1790406434795910101,0.875236265,66.335963,9.456101,75.792064,0,0.431640051,0.691866915,0.578798243,-0.326379814,-0.439931880,0.721628814,-0.534520084,0.704580979,-0.787493906,-0.023911724,0.615858387,0.747415838,0.000000000,0.000000000,0.000000000,1.000000000
60,1790406434786454000,RR_calflower1,1790406434720118037,1790406434795910101,0.875236265,66.335963,9.456101,75.792064,0,0.115585559,0.691866915,0.712713490,-0.353698306,-0.143387100,0.721628814,-0.677267981,0.730242739,-0.982893675,-0.023911724,0.182614975,0.730751768,0.000000000,0.000000000,0.000000000,1.000000000
60,1790406434786454000,RR_foot,1790406434720118037,1790406434795910101,0.875236265,66.335963,9.456101,75.792064,0,0.460028469,0.691866915,0.556501885,-0.371505866,-0.466096949,0.721628814,-0.511864643,0.746978173,-0.755729654,-0.023911724,0.654447015,0.720147778,0.000000000,0.000000000,0.000000000,1.000000000
61,1790406434854456000,FL_hip,1790406434795910101,1790406434864187628,0.857469530,58.545899,9.731628,68.277527,0,0.357816559,0.701279597,0.616582941,0.107856603,-0.409362990,0.711272054,-0.571413948,0.493374397,-0.839278887,-0.047945059,0.541583149,0.378873661,0.000000000,0.000000000,0.000000000,1.000000000
61,1790406434854456000,FL_thigh,1790406434795910101,1790406434864187628,0.857469530,58.545899,9.731628,68.277527,0,0.318995520,0.701077456,0.637755866,0.174816749,-0.372437117,0.711504698,-0.595862024,0.561288381,-0.871511476,-0.047446836,0.488074411,0.374295864,0.000000000,0.000000000,0.000000000,1.000000000
61,1790406434854456000,FL_calf,1790406434795910101,1790406434864187628,0.857469530,58.545899,9.731628,68.277527,0,0.665780796,0.701194806,-0.255072660,0.039252827,-0.629359102,0.711369294,0.312827017,0.687956401,0.400803894,-0.047742116,0.914919130,0.270565948,0.000000000,0.000000000,0.000000000,1.000000000
61,1790406434854456000,FL_calflower,1790406434795910101,1790406434864187628,0.857469530,58.545899,9.731628,68.277527,0,0.677697063,0.701194806,-0.221478715,0.090327366,-0.644207401,0.711369294,0.280981219,0.629115776,0.354576095,-0.047742116,0.933807565,0.143212023,0.000000000,0.000000000,0.000000000,1.000000000
61,1790406434854456000,FL_calflower1,1790406434795910101,1790406434864187628,0.857469530,58.545899,9.731628,68.277527,0,0.703388112,0.701194806,0.116495896,0.092416984,-0.701159970,0.711369294,-0.048252648,0.624325038,-0.116705692,-0.047742116,0.992018426,0.102328080,0.000000000,0.000000000,0.000000000,1.000000000
61,1790406434854456000,FL_foot,1790406434795910101,1790406434864187628,0.857469530,58.545899,9.731628,68.277527,0,0.665780796,0.701194806,-0.255072660,0.093603807,-0.629359102,0.711369294,0.312827017,0.621379728,0.400803894,-0.047742116,0.914919130,0.075749525,0.000000000,0.000000000,0.000000000,1.000000000
61,1790406434854456000,FR_hip,1790406434795910101,1790406434864187628,0.857469530,58.545899,9.731628,68.277527,0,0.357816559,0.611965740,0.705312363,0.049156377,-0.409362990,0.781671890,-0.470543189,0.421913464,-0.839278887,-0.120360870,0.530211558,0.388703020,0.000000000,0.000000000,0.000000000,1.000000000
61,1790406434854456000,FR_thigh,1790406434795910101,1790406434864187628,0.857469530,58.545899,9.731628,68.277527,0,0.404631921,0.613461581,0.678187425,-0.009061953,-0.445509670,0.779889996,-0.439650567,0.347523096,-0.798620028,-0.124242638,0.588871721,0.400166679,0.000000000,0.000000000,0.000000000,1.000000000
61,1790406434854456000,FR_calf,1790406434795910101,1790406434864187628,0.857469530,58.545899,9.731628,68.277527,0,0.705390987,0.613493901,-0.355033906,-0.152385533,-0.470376975,0.779849651,0.413013217,0.440103717,0.530254445,-0.124336262,0.838672048,0.275910293,0.000000000,0.000000000,0.000000000,1.000000000
61,1790406434854456000,FR_calflower,1790406434795910101,1790406434864187628,0.857469530,58.545899,9.731628,68.277527,0,0.722253732,0.613493901,-0.319335350,-0.086679687,-0.490431183,0.779849651,0.388988007,0.369588345,0.487675632,-0.124336262,0.864125603,0.163008298,0.000000000,0.000000000,0.000000000,1.000000000
61,1790406434854456000,FR_calflower1,1790406434795910101,1790406434864187628,0.857469530,58.545899,9.731628,68.277527,0,0.788097808,0.613493902,0.050272899,-0.081279743,-0.614636531,0.779849651,0.118559480,0.358849473,0.033530601,-0.124336262,0.991673474,0.123823511,0.000000000,0.000000000,0.000000000,1.000000000
61,1790406434854456000,FR_foot,1790406434795910101,1790406434864187628,0.857469530,58.545899,9.731628,68.277527,0,0.705390987,0.613493901,-0.355033906,-0.077957521,-0.470376975,0.779849651,0.413013217,0.352010899,0.530254445,-0.124336262,0.838672048,0.098314300,0.000000000,0.000000000,0.000000000,1.000000000
61,1790406434854456000,RL_hip,1790406434795910101,1790406434864187628,0.857469530,58.545899,9.731628,68.277527,0,0.357816559,0.780046154,0.513318219,-0.030546843,-0.409362990,0.625110045,-0.664574501,0.651716002,-0.839278887,0.027662131,0.542997092,0.703506734,0.000000000,0.000000000,0.000000000,1.000000000
61,1790406434854456000,RL_thigh,1790406434795910101,1790406434864187628,0.857469530,58.545899,9.731628,68.277527,0,-0.410224787,0.780036806,0.472502373,0.043947352,0.544291638,0.625120754,-0.559437708,0.711413840,-0.731753307,0.027683726,-0.681007192,0.706148460,0.000000000,0.000000000,0.000000000,1.000000000
61,1790406434854456000,RL_calf,1790406434795910101,1790406434864187628,0.857469530,58.545899,9.731628,68.277527,0,0.398410036,0.780024898,0.482525531,-0.056676586,-0.462001599,0.625134435,-0.629095664,0.830543192,-0.792353308,0.027710309,0.609432900,0.851168500,0.000000000,0.000000000,0.000000000,1.000000000
61,1790406434854456000,RL_calflower,1790406434795910101,1790406434864187628,0.857469530,58.545899,9.731628,68.277527,0,0.373795902,0.780024898,0.501834702,-0.120043833,-0.429982538,0.625134435,-0.651399915,0.914308062,-0.821822023,0.027710309,0.569070107,0.745246158,0.000000000,0.000000000,0.000000000,1.000000000
61,1790406434854456000,RL_calflower1,1790406434795910101,1790406434864187628,0.857469530,58.545899,9.731628,68.277527,0,0.099818252,0.780024898,0.617735997,-0.143827301,-0.080589413,0.625134435,-0.776345399,0.944627286,-0.991736687,0.027710309,0.125262000,0.730717211,0.000000000,0.000000000,0.000000000,1.000000000
61,1790406434854456000,RL_foot,1790406434795910101,1790406434864187628,0.857469530,58.545899,9.731628,68.277527,0,0.398410036,0.780024898,0.482525531,-0.159330158,-0.462001599,0.625134435,-0.629095664,0.964378874,-0.792353308,0.027710309,0.609432900,0.721505609,0.000000000,0.000000000,0.000000000,1.000000000
61,1790406434854456000,RR_hip,1790406434795910101,1790406434864187628,0.857469530,58.545899,9.731628,68.277527,0,0.357816559,0.695370252,0.623239768,-0.089247069,-0.409362990,0.716686655,-0.564607894,0.580255069,-0.839278887,-0.053105440,0.541101513,0.713336093,0.000000000,0.000000000,0.000000000,1.000000000
61,1790406434854456000,RR_thigh,1790406434795910101,1790406434864187628,0.857469530,58.545899,9.731628,68.277527,0,-0.308330895,0.694899532,0.649651434,-0.155606834,0.231766261,0.717219684,-0.657175942,0.511858968,-0.922614155,-0.052060562,-0.382194851,0.718405011,0.000000000,0.000000000,0.000000000,1.000000000
61,1790406434854456000,RR_calf,1790406434795910101,1790406434864187628,0.857469530,58.545899,9.731628,68.277527,0,0.505405480,0.695355180,0.510927353,-0.293801224,-0.540175937,0.716703892,-0.441072989,0.651317602,-0.672885667,-0.053070154,0.737840446,0.799662071,0.000000000,0.000000000,0.000000000,1.000000000
61,1790406434854456000,RR_calflower,1790406434795910101,1790406434864187628,0.857469530,58.545899,9.731628,68.277527,0,0.479238131,0.695355180,0.535548573,-0.359249351,-0.517456396,0.716703892,-0.467519307,0.705737459,-0.708921388,-0.053070154,0.703288071,0.677057276,0.000000000,0.000000000,0.000000000,1.000000000
61,1790406434854456000,RR_calflower1,1790406434795910101,1790406434864187628,0.857469530,58.545899,9.731628,68.277527,0,0.177776611,0.695355180,0.696331054,-0.385446010,-0.243090516,0.716703892,-0.653637840,0.729595692,-0.953573457,-0.053070154,0.296447815,0.656030863,0.000000000,0.000000000,0.000000000,1.000000000
61,1790406434854456000,RR_foot,1790406434795910101,1790406434864187628,0.857469530,58.545899,9.731628,68.277527,0,0.505405480,0.695355180,0.510927353,-0.402538611,-0.540175937,0.716703892,-0.441072989,0.745182508,-0.672885667,-0.053070154,0.737840446,0.642581575,0.000000000,0.000000000,0.000000000,1.000000000
62,1790406434918454000,FL_hip,1790406434918233898,1790406434988184687,0.003146526,0.220102,69.730687,69.950789,0,0.452321379,0.783584920,0.425911086,0.123103476,-0.519053203,0.619635409,-0.588757630,0.487132948,-0.725250950,0.045237024,0.686997027,0.339230881,0.000000000,0.000000000,0.000000000,1.000000000
62,1790406434918454000,FL_thigh,1790406434918233898,1790406434988184687,0.003146526,0.220102,69.730687,69.950789,0,0.391616054,0.783587702,0.482314616,0.197935815,-0.436091800,0.619632188,-0.652594596,0.546308114,-0.810222579,0.045232946,0.584374534,0.343551016,0.000000000,0.000000000,0.000000000,1.000000000
62,1790406434918454000,FL_calf,1790406434918233898,1790406434988184687,0.003146526,0.220102,69.730687,69.950789,0,0.517798630,0.783586842,-0.343331398,0.095217313,-0.691570486,0.619633189,0.371193734,0.685292134,0.503602520,0.045234130,0.862750612,0.219093100,0.000000000,0.000000000,0.000000000,1.000000000
62,1790406434918454000,FL_calflower,1790406434918233898,1790406434988184687,0.003146526,0.220102,69.730687,69.950789,0,0.534310935,0.783586842,-0.317023179,0.156382323,-0.709258157,0.619633190,0.336165720,0.616527598,0.459853590,0.045234129,0.886842034,0.101485806,0.000000000,0.000000000,0.000000000,1.000000000
62,1790406434918454000,FL_calflower1,1790406434918233898,1790406434988184687,0.003146526,0.220102,69.730687,69.950789,0,0.620325788,0.783586842,-0.034464287,0.163719683,-0.784342713,0.619633190,-0.029343360,0.610173732,-0.001637384,0.045234130,0.998975193,0.061416143,0.000000000,0.000000000,0.000000000,1.000000000
62,1790406434918454000,FL_foot,1790406434918233898,1790406434988184687,0.003146526,0.220102,69.730687,69.950789,0,0.517798630,0.783586842,-0.343331398,0.168342145,-0.691570486,0.619633189,0.371193734,0.606231703,0.503602520,0.045234130,0.862750612,0.035339182,0.000000000,0.000000000,0.000000000,1.000000000
62,1790406434918454000,FR_hip,1790406434918233898,1790406434988184687,0.003146526,0.220102,69.730687,69.950789,0,0.452321379,0.595622337,0.663806908,0.060232074,-0.519053203,0.781068327,-0.347153936,0.419248245,-0.725250950,-0.187526214,0.662453940,0.348603801,0.000000000,0.000000000,0.000000000,1.000000000
62,1790406434918454000,FR_thigh,1790406434918233898,1790406434988184687,0.003146526,0.220102,69.730687,69.950789,0,0.489968607,0.595620944,0.636527034,0.003350157,-0.538265331,0.781069896,-0.316543938,0.344656241,-0.685712044,-0.187524101,0.703302174,0.366512549,0.000000000,0.000000000,0.000000000,1.000000000
62,1790406434918454000,FR_calf,1790406434918233898,1790406434988184687,0.003146526,0.220102,69.730687,69.950789,0,0.668395327,0.595619124,-0.445517402,-0.132225678,-0.352440344,0.781071871,0.515472938,0.412077766,0.655007008,-0.187521656,0.731984761,0.216713719,0.000000000,0.000000000,0.000000000,1.000000000
62,1790406434918454000,FR_calflower,1790406434918233898,1790406434988184687,0.003146526,0.220102,69.730687,69.950789,0,0.689826597,0.595619124,-0.411554778,-0.052931312,-0.377762794,0.781071871,0.497214056,0.328751814,0.617604430,-0.187521656,0.763806677,0.121496292,0.000000000,0.000000000,0.000000000,1.000000000
62,1790406434918454000,FR_calflower1,1790406434918233898,1790406434988184687,0.003146526,0.220102,69.730687,69.950789,0,0.801920115,0.595619124,-0.046499442,-0.043368205,-0.564676778,0.781071871,0.266583351,0.312643204,0.195101976,-0.187521656,0.962689509,0.084773836,0.000000000,0.000000000,0.000000000,1.000000000
62,1790406434918454000,FR_foot,1790406434918233898,1790406434988184687,0.003146526,0.220102,69.730687,69.950789,0,0.668395327,0.595619124,-0.445517402,-0.037341907,-0.352440344,0.781071871,0.515472938,0.302298693,0.655007008,-0.187521656,0.731984761,0.060826812,0.000000000,0.000000000,0.000000000,1.000000000
62,1790406434918454000,RL_hip,1790406434918233898,1790406434988184687,0.003146526,0.220102,69.730687,69.950789,0,0.452321379,0.776113374,0.439378664,-0.051854434,-0.519053203,0.629709789,-0.577969868,0.687902727,-0.725250950,0.033367092,0.687675752,0.619757949,0.000000000,0.000000000,0.000000000,1.000000000
62,1790406434918454000,RL_thigh,1790406434918233898,1790406434988184687,0.003146526,0.220102,69.730687,69.950789,0,-0.248452822,0.776076679,0.579634707,0.022261423,0.354047562,0.629751539,-0.691421100,0.748037403,-0.901621945,0.033432598,-0.431231229,0.622944521,0.000000000,0.000000000,0.000000000,1.000000000
62,1790406434918454000,RL_calf,1790406434918233898,1790406434988184687,0.003146526,0.220102,69.730687,69.950789,0,0.579150932,0.776096240,0.249517603,-0.101186753,-0.690805721,0.629729378,-0.355286055,0.895270580,-0.432864362,0.033395930,0.900840385,0.714787372,0.000000000,0.000000000,0.000000000,1.000000000
62,1790406434918454000,RL_calflower,1790406434918233898,1790406434988184687,0.003146526,0.220102,69.730687,69.950789,0,0.565956462,0.776096240,0.278151252,-0.126526493,-0.672185492,0.629729378,-0.389367936,0.934034941,-0.477346648,0.033395930,0.878080368,0.572814403,0.000000000,0.000000000,0.000000000,1.000000000
62,1790406434918454000,RL_calflower1,1790406434918233898,1790406434988184687,0.003146526,0.220102,69.730687,69.950789,0,0.373556052,0.776096240,0.508065657,-0.143310471,-0.416423114,0.629729378,-0.655768645,0.956330012,-0.828883282,0.033395930,0.558424086,0.542466936,0.000000000,0.000000000,0.000000000,1.000000000
62,1790406434918454000,RL_foot,1790406434918233898,1790406434988184687,0.003146526,0.220102,69.730687,69.950789,0,0.579150932,0.776096240,0.249517603,-0.154325460,-0.690805721,0.629729378,-0.355286055,0.970942161,-0.432864362,0.033395930,0.900840385,0.522920824,0.000000000,0.000000000,0.000000000,1.000000000
62,1790406434918454000,RR_hip,1790406434918233898,1790406434988184687,0.003146526,0.220102,69.730687,69.950789,0,0.452321379,0.766084826,0.456639485,-0.114725836,-0.519053203,0.642488104,-0.563730984,0.620018024,-0.725250950,0.017967247,0.688250304,0.629130869,0.000000000,0.000000000,0.000000000,1.000000000
62,1790406434918454000,RR_thigh,1790406434918233898,1790406434988184687,0.003146526,0.220102,69.730687,69.950789,0,-0.158014296,0.766071376,0.623029967,-0.187886025,0.215387032,0.642503493,-0.735389354,0.558661208,-0.963659897,0.017990403,-0.266526157,0.627414993,0.000000000,0.000000000,0.000000000,1.000000000
62,1790406434918454000,RR_calf,1790406434918233898,1790406434988184687,0.003146526,0.220102,69.730687,69.950789,0,0.585858313,0.766066305,0.264410029,-0.320584206,-0.686452912,0.642509270,-0.340534949,0.715283018,-0.430757872,0.018000054,0.902288145,0.684183031,0.000000000,0.000000000,0.000000000,1.000000000
62,1790406434918454000,RR_calflower,1790406434918233898,1790406434988184687,0.003146526,0.220102,69.730687,69.950789,0,0.571911149,0.766066305,0.293360298,-0.347993021,-0.668575371,0.642509270,-0.374417716,0.751951449,-0.475315149,0.018000054,0.879631600,0.542051562,0.000000000,0.000000000,0.000000000,1.000000000
62,1790406434918454000,RR_calflower1,1790406434918233898,1790406434988184687,0.003146526,0.220102,69.730687,69.950789,0,0.371814609,0.766066305,0.524305754,-0.365443617,-0.420124655,0.642509270,-0.640840797,0.773611182,-0.827797679,0.018000054,0.560738125,0.511624619,0.000000000,0.000000000,0.000000000,1.000000000
62,1790406434918454000,RR_foot,1790406434918233898,1790406434988184687,0.003146526,0.220102,69.730687,69.950789,0,0.585858313,0.766066305,0.264410029,-0.376891999,-0.686452912,0.642509270,-0.340534949,0.787810749,-0.430757872,0.018000054,0.902288145,0.492026498,0.000000000,0.000000000,0.000000000,1.000000000
63,1790406434986451000,FL_hip,1790406434918233898,1790406434988184687,0.975215619,68.217102,1.733687,69.950789,0,0.529034740,0.765691243,0.365840592,0.132290108,-0.619902948,0.643113018,-0.449583862,0.472565334,-0.579519091,0.011059754,0.814883876,0.341579588,0.000000000,0.000000000,0.000000000,1.000000000
63,1790406434986451000,FL_thigh,1790406434918233898,1790406434988184687,0.975215619,68.217102,1.733687,69.950789,0,0.338340711,0.765714493,0.546998221,0.205413470,-0.388152366,0.643085816,-0.660134866,0.533982500,-0.857241660,0.011031780,0.514796526,0.342635791,0.000000000,0.000000000,0.000000000,1.000000000
63,1790406434986451000,FL_calf,1790406434918233898,1790406434988184687,0.975215619,68.217102,1.733687,69.950789,0,0.551337565,0.765707672,-0.331238320,0.089012637,-0.665103246,0.643093787,0.379562538,0.674461129,0.503651774,0.011040530,0.863836456,0.233108797,0.000000000,0.000000000,0.000000000,1.000000000
63,1790406434986451000,FL_calflower,1790406434918233898,1790406434988184687,0.975215619,68.217102,1.733687,69.950789,0,0.567203553,0.765707672,-0.303268965,0.149027715,-0.683242261,0.643093787,0.345846876,0.605017173,0.459848512,0.011040530,0.887928983,0.115388175,0.000000000,0.000000000,0.000000000,1.000000000
63,1790406434986451000,FL_calflower1,1790406434918233898,1790406434988184687,0.975215619,68.217102,1.733687,69.950789,0,0.643149964,0.765707672,-0.007075244,0.155481690,-0.765737302,0.643093787,-0.008742624,0.598019321,-0.002143818,0.011040531,0.999936967,0.075291671,0.000000000,0.000000000,0.000000000,1.000000000
63,1790406434986451000,FL_foot,1790406434918233898,1790406434988184687,0.975215619,68.217102,1.733687,69.950789,0,0.551337565,0.765707672,-0.331238320,0.159523697,-0.665103246,0.643093787,0.379562538,0.593653527,0.503651774,0.011040530,0.863836456,0.049197374,0.000000000,0.000000000,0.000000000,1.000000000
63,1790406434986451000,FR_hip,1790406434918233898,1790406434988184687,0.975215619,68.217102,1.733687,69.950789,0,0.529034740,0.614186629,0.585574251,0.069255915,-0.619902948,0.750947399,-0.227591754,0.405643684,-0.579519091,-0.242595475,0.778013808,0.355621706,0.000000000,0.000000000,0.000000000,1.000000000
63,1790406434986451000,FR_thigh,1790406434918233898,1790406434988184687,0.975215619,68.217102,1.733687,69.950789,0,0.480743014,0.614174791,0.625839960,0.010601219,-0.599795617,0.750961505,-0.276227628,0.333928363,-0.639633617,-0.242581777,0.729399303,0.378789523,0.000000000,0.000000000,0.000000000,1.000000000
63,1790406434986451000,FR_calf,1790406434918233898,1790406434988184687,0.975215619,68.217102,1.733687,69.950789,0,0.720720691,0.614161205,-0.321508747,-0.122671201,-0.408515267,0.750978348,0.518793277,0.392752019,0.560069291,-0.242564033,0.792139827,0.223466823,0.000000000,0.000000000,0.000000000,1.000000000
63,1790406434986451000,FR_calflower,1790406434918233898,1790406434988184687,0.975215619,68.217102,1.733687,69.950789,0,0.735888718,0.614161205,-0.285085924,-0.060753802,-0.433933586,0.750978349,0.497727667,0.307912156,0.519778859,-0.242564032,0.819141657,0.117543179,0.000000000,0.000000000,0.000000000,1.000000000
63,1790406434986451000,FR_calflower1,1790406434918233898,1790406434988184687,0.975215619,68.217102,1.733687,69.950789,0,0.784376300,0.614161205,0.086948318,-0.056716597,-0.614737159,0.750978349,0.241100420,0.292364853,0.082778651,-0.242564032,0.966597544,0.079622591,0.000000000,0.000000000,0.000000000,1.000000000
63,1790406434986451000,FR_foot,1790406434918233898,1790406434988184687,0.975215619,68.217102,1.733687,69.950789,0,0.720720691,0.614161205,-0.321508747,-0.054282046,-0.408515267,0.750978348,0.518793277,0.282397811,0.560069291,-0.242564033,0.792139827,0.054923523,0.000000000,0.000000000,0.000000000,1.000000000
63,1790406434986451000,RL_hip,1790406434918233898,1790406434988184687,0.975215619,68.217102,1.733687,69.950789,0,0.529034740,0.696408785,0.484909500,-0.072340529,-0.619902948,0.707382016,-0.339603720,0.712343794,-0.579519091,-0.120934807,0.805935991,0.565737572,0.000000000,0.000000000,0.000000000,1.000000000
63,1790406434986451000,RL_thigh,1790406434918233898,1790406434988184687,0.975215619,68.217102,1.733687,69.950789,0,-0.034819871,0.696041730,0.717156650,-0.005855439,-0.134465236,0.707803703,-0.693493104,0.779877787,-0.990306520,-0.120580123,0.068948223,0.554190713,0.000000000,0.000000000,0.000000000,1.000000000
63,1790406434986451000,RL_calf,1790406434918233898,1790406434988184687,0.975215619,68.217102,1.733687,69.950789,0,0.698970453,0.696246928,0.163342269,-0.158481856,-0.706601630,0.707569952,0.007652893,0.927287719,-0.110247387,-0.120767204,0.986540026,0.539533256,0.000000000,0.000000000,0.000000000,1.000000000
63,1790406434986451000,RL_calflower,1790406434918233898,1790406434988184687,0.975215619,68.217102,1.733687,69.950789,0,0.689933210,0.696246928,0.198072096,-0.168639278,-0.706101048,0.707569952,-0.027672033,0.912026907,-0.159416058,-0.120767204,0.979797035,0.391393056,0.000000000,0.000000000,0.000000000,1.000000000
63,1790406434986451000,RL_calflower1,1790406434918233898,1790406434988184687,0.975215619,68.217102,1.733687,69.950789,0,0.520501686,0.696246928,0.494285732,-0.183450486,-0.613529675,0.707569952,-0.350607712,0.920188265,-0.593851101,-0.120767204,0.795459979,0.353816262,0.000000000,0.000000000,0.000000000,1.000000000
63,1790406434986451000,RL_foot,1790406434918233898,1790406434988184687,0.975215619,68.217102,1.733687,69.950789,0,0.698970453,0.696246928,0.163342269,-0.193217784,-0.706601630,0.707569952,0.007652893,0.925650628,-0.110247387,-0.120767204,0.986540026,0.329507404,0.000000000,0.000000000,0.000000000,1.000000000
63,1790406434986451000,RR_hip,1790406434918233898,1790406434988184687,0.975215619,68.217102,1.733687,69.950789,0,0.529034740,0.718947505,0.450818038,-0.135374722,-0.619902948,0.690211204,-0.373267326,0.645422144,-0.579519091,-0.081992170,0.810823861,0.579779690,0.000000000,0.000000000,0.000000000,1.000000000
63,1790406434986451000,RR_thigh,1790406434918233898,1790406434988184687,0.975215619,68.217102,1.733687,69.950789,0,0.033930270,0.718817923,0.694370006,-0.204027379,-0.152450467,0.690361721,-0.707219356,0.579513316,-0.987728644,-0.081861009,0.133008748,0.587609393,0.000000000,0.000000000,0.000000000,1.000000000
63,1790406434986451000,RR_calf,1790406434918233898,1790406434988184687,0.975215619,68.217102,1.733687,69.950789,0,0.694640727,0.718764219,0.029196451,-0.351868496,-0.718082424,0.690423384,0.087594804,0.730029543,0.042802537,-0.081812498,0.995728419,0.559299423,0.000000000,0.000000000,0.000000000,1.000000000
63,1790406434986451000,RR_calflower,1790406434918233898,1790406434988184687,0.975215619,68.217102,1.733687,69.950789,0,0.692313393,0.718764219,0.063877529,-0.342272368,-0.721562924,0.690423384,0.051596171,0.702736727,-0.007016634,-0.081812499,0.996623253,0.412963112,0.000000000,0.000000000,0.000000000,1.000000000
63,1790406434986451000,RR_calflower1,1790406434918233898,1790406434988184687,0.975215619,68.217102,1.733687,69.950789,0,0.584581152,0.718764219,0.376354952,-0.351734168,-0.663848687,0.690423385,-0.287437191,0.707879275,-0.466443583,-0.081812498,0.880759630,0.373215079,0.000000000,0.000000000,0.000000000,1.000000000
63,1790406434986451000,RR_foot,1790406434918233898,1790406434988184687,0.975215619,68.217102,1.733687,69.950789,0,0.694640727,0.718764219,0.029196451,-0.358035728,-0.718082424,0.690423384,0.087594804,0.711389239,0.042802537,-0.081812498,0.995728419,0.347461710,0.000000000,0.000000000,0.000000000,1.000000000
64,1790406435522443000,FL_hip,1790406435192089169,1790406435762473675,0.579177428,330.353831,240.030675,570.384506,1,0.681233013,0.719156915,0.136875719,0.132784646,-0.722080153,0.690867884,-0.036073820,0.528967646,-0.120505732,-0.074260600,0.989931537,0.300070614,0.000000000,0.000000000,0.000000000,1.000000000
64,1790406435522443000,FL_thigh,1790406435192089169,1790406435762473675,0.579177428,330.353831,240.030675,570.384506,1,0.483907661,0.719060608,0.498783787,0.201454827,-0.574510068,0.690969937,-0.438746202,0.594936595,-0.660130012,-0.074243696,0.747473717,0.292979664,0.000000000,0.000000000,0.000000000,1.000000000
64,1790406435522443000,FL_calf,1790406435192089169,1790406435762473675,0.579177428,330.353831,240.030675,570.384506,1,0.406475471,0.719267877,-0.563410562,0.095220429,-0.331709200,0.690750231,0.642520526,0.688362994,0.851320907,-0.074280404,0.519361003,0.133815939,0.000000000,0.000000000,0.000000000,1.000000000
64,1790406435522443000,FL_calflower,1790406435192089169,1790406435762473675,0.579177428,330.353831,240.030675,570.384506,1,0.434126275,0.719267877,-0.542391139,0.186700746,-0.363407292,0.690750231,0.625138992,0.586639385,0.824299746,-0.074280404,0.561260249,0.073996000,0.000000000,0.000000000,0.000000000,1.000000000
64,1790406435522443000,FL_calflower1,1790406435192089169,1790406435762473675,0.579177428,330.353831,240.030675,570.384506,1,0.635532734,0.719267877,-0.280627714,0.204048574,-0.611016591,0.690750231,0.386681193,0.565268456,0.471971395,-0.074280404,0.878479448,0.043312602,0.000000000,0.000000000,0.000000000,1.000000000
64,1790406435522443000,FL_foot,1790406435192089169,1790406435762473675,0.579177428,330.353831,240.030675,570.384506,1,0.406475471,0.719267877,-0.563410562,0.215182160,-0.331709200,0.690750231,0.642520526,0.551510648,0.851320907,-0.074280404,0.519361003,0.023227680,0.000000000,0.000000000,0.000000000,1.000000000
64,1790406435522443000,FR_hip,1790406435192089169,1790406435762473675,0.579177428,330.353831,240.030675,570.384506,1,0.681233013,0.671396274,0.291802459,0.066545924,-0.722080153,0.681866341,0.116867643,0.464630985,-0.120505732,-0.290319027,0.949312355,0.311126087,0.000000000,0.000000000,0.000000000,1.000000000
64,1790406435522443000,FR_thigh,1790406435192089169,1790406435762473675,0.579177428,330.353831,240.030675,570.384506,1,0.323433402,0.671330630,0.666862857,0.002428675,-0.621982551,0.681935843,-0.384838555,0.399513861,-0.713111934,-0.290307584,0.638117225,0.338851081,0.000000000,0.000000000,0.000000000,1.000000000
64,1790406435522443000,FR_calf,1790406435192089169,1790406435762473675,0.579177428,330.353831,240.030675,570.384506,1,0.694911942,0.671425214,-0.257459946,-0.139544229,-0.443172395,0.681835651,0.581977555,0.481430806,0.566300198,-0.290324179,0.771373239,0.203012105,0.000000000,0.000000000,0.000000000,1.000000000
64,1790406435522443000,FR_calflower,1790406435192089169,1790406435762473675,0.579177428,330.353831,240.030675,570.384506,1,0.706911117,0.671425214,-0.222407067,-0.087550300,-0.471705299,0.681835650,0.559100847,0.386441534,0.527039876,-0.290324179,0.798712437,0.100188677,0.000000000,0.000000000,0.000000000,1.000000000
64,1790406435522443000,FR_calflower1,1790406435192089169,1790406435762473675,0.579177428,330.353831,240.030675,570.384506,1,0.729729524,0.671425214,0.129162894,-0.085723675,-0.676581334,0.681835650,0.278095929,0.368795957,0.098652924,-0.290324179,0.951829916,0.062974540,0.000000000,0.000000000,0.000000000,1.000000000
64,1790406435522443000,FR_foot,1790406435192089169,1790406435762473675,0.579177428,330.353831,240.030675,570.384506,1,0.694911942,0.671425214,-0.257459946,-0.084714518,-0.443172395,0.681835651,0.581977555,0.357478747,0.566300198,-0.290324179,0.771373239,0.038731270,0.000000000,0.000000000,0.000000000,1.000000000
64,1790406435522443000,RL_hip,1790406435192089169,1790406435762473675,0.579177428,330.353831,240.030675,570.384506,1,0.681233013,0.681694910,0.266858915,-0.130716284,-0.722080153,0.685710388,0.091657066,0.808268249,-0.120505732,-0.255133491,0.959367493,0.346682231,0.000000000,0.000000000,0.000000000,1.000000000
64,1790406435522443000,RL_thigh,1790406435192089169,1790406435762473675,0.579177428,330.353831,240.030675,570.384506,1,0.190826389,0.681673648,0.706333049,-0.065614537,-0.503263470,0.685732903,-0.525828647,0.873753473,-0.842799781,-0.255129785,0.473917756,0.322317027,0.000000000,0.000000000,0.000000000,1.000000000
64,1790406435522443000,RL_calf,1790406435192089169,1790406435762473675,0.579177428,330.353831,240.030675,570.384506,1,0.695663366,0.681669960,-0.226668473,-0.215985810,-0.499425507,0.685736805,0.529470205,0.985690663,0.516359246,-0.255129153,0.817485756,0.221428269,0.000000000,0.000000000,0.000000000,1.000000000
64,1790406435522443000,RL_calflower,1790406435192089169,1790406435762473675,0.579177428,330.353831,240.030675,570.384506,1,0.706122670,0.681669960,-0.191616519,-0.168557811,-0.525263837,0.685736805,0.503847633,0.897408740,0.474856673,-0.255129153,0.842271317,0.110849219,0.000000000,0.000000000,0.000000000,1.000000000
64,1790406435522443000,RL_calflower1,1790406435192089169,1790406435762473675,0.579177428,330.353831,240.030675,570.384506,1,0.714811741,0.681669960,0.156109865,-0.167954330,-0.698572701,0.685736805,0.204354391,0.882518857,0.032252103,-0.255129153,0.966369305,0.072438311,0.000000000,0.000000000,0.000000000,1.000000000
64,1790406435522443000,RL_foot,1790406435192089169,1790406435762473675,0.579177428,330.353831,240.030675,570.384506,1,0.695663366,0.681669960,-0.226668473,-0.167737425,-0.499425507,0.685736805,0.529470205,0.873000345,0.516359246,-0.255129153,0.817485756,0.047432534,0.000000000,0.000000000,0.000000000,1.000000000
64,1790406435522443000,RR_hip,1790406435192089169,1790406435762473675,0.579177428,330.353831,240.030675,570.384506,1,0.681233013,0.726871924,0.087056520,-0.196955006,-0.722080153,0.686747036,-0.083535993,0.743931588,-0.120505732,-0.005954305,0.992695135,0.357737704,0.000000000,0.000000000,0.000000000,1.000000000
64,1790406435522443000,RR_thigh,1790406435192089169,1790406435762473675,0.579177428,330.353831,240.030675,570.384506,1,0.373373217,0.726877883,0.576403533,-0.266371232,-0.402443469,0.686740719,-0.605331264,0.678347286,-0.835842110,-0.005955352,0.548938264,0.358306340,0.000000000,0.000000000,0.000000000,1.000000000
64,1790406435522443000,RR_calf,1790406435192089169,1790406435762473675,0.579177428,330.353831,240.030675,570.384506,1,0.585452161,0.726844530,-0.359086125,-0.389128770,-0.615033266,0.686776072,0.387391545,0.807267677,0.528185589,-0.005949302,0.849108536,0.241397148,0.000000000,0.000000000,0.000000000,1.000000000
64,1790406435522443000,RR_calflower,1790406435192089169,1790406435762473675,0.579177428,330.353831,240.030675,570.384506,1,0.602667325,0.726844530,-0.329376948,-0.324444729,-0.633626142,0.686776072,0.356168555,0.737821796,0.485087755,-0.005949302,0.874445649,0.126594990,0.000000000,0.000000000,0.000000000,1.000000000
64,1790406435522443000,RR_calflower1,1790406435192089169,1790406435762473675,0.579177428,330.353831,240.030675,570.384506,1,0.686662273,0.726844530,-0.013856460,-0.317315300,-0.726494393,0.686776072,0.023324342,0.729933252,0.026469585,-0.005949302,0.999632274,0.086871317,0.000000000,0.000000000,0.000000000,1.000000000
64,1790406435522443000,RR_foot,1790406435192089169,1790406435762473675,0.579177428,330.353831,240.030675,570.384506,1,0.585452161,0.726844530,-0.359086125,-0.312844060,-0.615033266,0.686776072,0.387391545,0.724977746,0.528185589,-0.005949302,0.849108536,0.061012630,0.000000000,0.000000000,0.000000000,1.000000000
65,1790406435586443000,FL_hip,1790406435192089169,1790406435762473675,0.691382439,394.353831,176.030675,570.384506,1,0.682413471,0.717038115,0.142014949,0.132565699,-0.720919127,0.692310640,-0.031322367,0.529702887,-0.120777748,-0.081006526,0.989369190,0.298799463,0.000000000,0.000000000,0.000000000,1.000000000
65,1790406435586443000,FL_thigh,1790406435192089169,1790406435762473675,0.691382439,394.353831,176.030675,570.384506,1,0.483920714,0.716953636,0.501795055,0.201034714,-0.577945549,0.692399842,-0.431926962,0.595810717,-0.657114720,-0.080991854,0.749427302,0.291064209,0.000000000,0.000000000,0.000000000,1.000000000
65,1790406435586443000,FL_calf,1790406435192089169,1790406435762473675,0.691382439,394.353831,176.030675,570.384506,1,0.414175337,0.717135394,-0.560513753,0.094158256,-0.329789518,0.692207814,0.641939807,0.687788092,0.848350311,-0.081024114,0.523199349,0.131478441,0.000000000,0.000000000,0.000000000,1.000000000
65,1790406435586443000,FL_calflower,1790406435192089169,1790406435762473675,0.691382439,394.353831,176.030675,570.384506,1,0.441671738,0.717135394,-0.539113117,0.185368137,-0.361460985,0.692207814,0.624654943,0.586188339,0.821141025,-0.081024114,0.564945330,0.071028763,0.000000000,0.000000000,0.000000000,1.000000000
65,1790406435586443000,FL_calflower1,1790406435192089169,1790406435762473675,0.691382439,394.353831,176.030675,570.384506,1,0.640711799,0.717135394,-0.274235787,0.202510244,-0.609066704,0.692207814,0.387150607,0.564817243,0.467467931,-0.081024114,0.880289465,0.040228326,0.000000000,0.000000000,0.000000000,1.000000000
65,1790406435586443000,FL_foot,1790406435192089169,1790406435762473675,0.691382439,394.353831,176.030675,570.384506,1,0.414175337,0.717135394,-0.560513753,0.213508663,-0.329789518,0.692207814,0.641939807,0.551058847,0.848350311,-0.081024114,0.523199349,0.020068338,0.000000000,0.000000000,0.000000000,1.000000000
65,1790406435586443000,FR_hip,1790406435192089169,1790406435762473675,0.691382439,394.353831,176.030675,570.384506,1,0.682413471,0.668911182,0.294736723,0.066485253,-0.720919127,0.682519800,0.120174189,0.465252598,-0.120777748,-0.294489993,0.947992139,0.310136688,0.000000000,0.000000000,0.000000000,1.000000000
65,1790406435586443000,FR_thigh,1790406435192089169,1790406435762473675,0.691382439,394.353831,176.030675,570.384506,1,0.327402538,0.668853553,0.667414828,0.002605191,-0.626118131,0.682580520,-0.376907707,0.400072933,-0.707660756,-0.294480152,0.642260391,0.338260064,0.000000000,0.000000000,0.000000000,1.000000000
65,1790406435586443000,FR_calf,1790406435192089169,1790406435762473675,0.691382439,394.353831,176.030675,570.384506,1,0.698633887,0.668936549,-0.253839782,-0.139493660,-0.441977404,0.682492970,0.582115814,0.480307733,0.562642831,-0.294494552,0.772467941,0.201528749,0.000000000,0.000000000,0.000000000,1.000000000
65,1790406435586443000,FR_calflower,1790406435192089169,1790406435762473675,0.691382439,394.353831,176.030675,570.384506,1,0.710447478,0.668936549,-0.218605407,-0.087960001,-0.470518712,0.682492970,0.559298657,0.385321050,0.523332369,-0.294494552,0.799622978,0.098468454,0.000000000,0.000000000,0.000000000,1.000000000
65,1790406435586443000,FR_calflower1,1790406435192089169,1790406435762473675,0.691382439,394.353831,176.030675,570.384506,1,0.731110731,0.668936549,0.134167965,-0.086320725,-0.675620182,0.682492970,0.278819326,0.367655525,0.094943914,-0.294494552,0.950925511,0.061254378,0.000000000,0.000000000,0.000000000,1.000000000
65,1790406435586443000,FR_foot,1790406435192089169,1790406435762473675,0.691382439,394.353831,176.030675,570.384506,1,0.698633887,0.668936549,-0.253839782,-0.085433838,-0.441977404,0.682492970,0.582115814,0.356325097,0.562642831,-0.294494552,0.772467941,0.037012060,0.000000000,0.000000000,0.000000000,1.000000000
65,1790406435586443000,RL_hip,1790406435192089169,1790406435762473675,0.691382439,394.353831,176.030675,570.384506,1,0.682413471,0.679561431,0.269273404,-0.131391831,-0.720919127,0.686570140,0.094321551,0.808554406,-0.120777748,-0.258490789,0.958434121,0.345516296,0.000000000,0.000000000,0.000000000,1.000000000
65,1790406435586443000,RL_thigh,1790406435192089169,1790406435762473675,0.691382439,394.353831,176.030675,570.384506,1,0.194873227,0.679542767,0.707280781,-0.066493817,-0.508609513,0.686589813,-0.519528914,0.874121750,-0.838654329,-0.258487602,0.479420267,0.320830465,0.000000000,0.000000000,0.000000000,1.000000000
65,1790406435586443000,RL_calf,1790406435192089169,1790406435762473675,0.691382439,394.353831,176.030675,570.384506,1,0.696103558,0.679539526,-0.231659059,-0.217076440,-0.492169212,0.686593220,0.535124954,0.984725472,0.522694499,-0.258487073,0.812388830,0.218762884,0.000000000,0.000000000,0.000000000,1.000000000
65,1790406435586443000,RL_calflower,1790406435192089169,1790406435762473675,0.691382439,394.353831,176.030675,570.384506,1,0.706811737,0.679539526,-0.196578868,-0.168897151,-0.518299229,0.686593220,0.509857979,0.895743485,0.481438748,-0.258487073,0.837497392,0.109054489,0.000000000,0.000000000,0.000000000,1.000000000
65,1790406435586443000,RL_calflower1,1790406435192089169,1790406435762473675,0.691382439,394.353831,176.030675,570.384506,1,0.717714450,0.679539526,0.152026483,-0.168102088,-0.695170582,0.686593220,0.212901648,0.880542223,0.040294870,-0.258487073,0.965174323,0.070765125,0.000000000,0.000000000,0.000000000,1.000000000
65,1790406435586443000,RL_foot,1790406435192089169,1790406435762473675,0.691382439,394.353831,176.030675,570.384506,1,0.696103558,0.679539526,-0.231659059,-0.167761231,-0.492169212,0.686593220,0.535124954,0.870820246,0.522694499,-0.258487073,0.812388830,0.045836469,0.000000000,0.000000000,0.000000000,1.000000000
65,1790406435586443000,RR_hip,1790406435192089169,1790406435762473675,0.691382439,394.353831,176.030675,570.384506,1,0.682413471,0.725474630,0.089434146,-0.197472277,-0.720919127,0.688192961,-0.081642884,0.744104117,-0.120777748,-0.008760578,0.992641277,0.356853521,0.000000000,0.000000000,0.000000000,1.000000000
65,1790406435586443000,RR_thigh,1790406435192089169,1790406435762473675,0.691382439,394.353831,176.030675,570.384506,1,0.374398479,0.725479856,0.577498750,-0.266755067,-0.405304514,0.688187440,-0.601768892,0.678381724,-0.833999019,-0.008761488,0.551697008,0.357690156,0.000000000,0.000000000,0.000000000,1.000000000
65,1790406435586443000,RR_calf,1790406435192089169,1790406435762473675,0.691382439,394.353831,176.030675,570.384506,1,0.593694151,0.725450626,-0.348207833,-0.389747884,-0.619275031,0.688218323,0.377959622,0.806545284,0.513834452,-0.008755996,0.857845093,0.240191539,0.000000000,0.000000000,0.000000000,1.000000000
65,1790406435586443000,RR_calflower,1790406435192089169,1790406435762473675,0.691382439,394.353831,176.030675,570.384506,1,0.610355326,0.725450626,-0.318100323,-0.326486545,-0.637391206,0.688218323,0.346536419,0.738386114,0.470317908,-0.008755996,0.882454030,0.123772967,0.000000000,0.000000000,0.000000000,1.000000000
65,1790406435586443000,RR_calflower1,1790406435192089169,1790406435762473675,0.691382439,394.353831,176.030675,570.384506,1,0.688274181,0.725450625,-0.000303992,-0.319882171,-0.725386066,0.688218323,0.013042058,0.730917543,0.009670702,-0.008755996,0.999915260,0.083863715,0.000000000,0.000000000,0.000000000,1.000000000
65,1790406435586443000,RR_foot,1790406435192089169,1790406435762473675,0.691382439,394.353831,176.030675,570.384506,1,0.593694151,0.725450626,-0.348207833,-0.315753087,-0.619275031,0.688218323,0.377959622,0.726235143,0.513834452,-0.008755996,0.857845093,0.057888382,0.000000000,0.000000000,0.000000000,1.000000000
